41.91356908515235;12.689450195916065;082922165;0.0;
41.91366332997348;12.689459297486094;083245169;0.0;
41.913676144243766;12.689457522923986;083246181;0.0;
41.91371800495904;12.689451151267464;083301140;0.0;
41.913734500318306;12.689456463469545;083302172;0.0;
41.91375213298255;12.689445901530423;083303182;0.0;
41.91376523574751;12.689445473036413;083304151;0.0;
41.91377389170866;12.689434359911914;083305145;0.0;
41.91360915244852;12.689260044428352;083340199;0.0;
41.91361915807573;12.689262441981578;083342461;0.0;
41.913619515489074;12.689289814926477;083343501;0.0;
41.913636749614035;12.689292520178054;083346495;0.0;
41.913645811812685;12.689294755016604;083348506;0.0;
41.913663223768786;12.6892998958047;083349513;0.0;
41.913672148969475;12.689287143794232;083352470;0.0;
41.913672348808646;12.689270397193619;083356503;0.0;
41.91366196466535;12.689269685690343;083402489;0.0;
41.91365470489915;12.689282625369946;083405482;0.0;
41.913655778403914;12.689295400490401;083408475;0.0;
41.91364948119502;12.689304669026505;083410496;0.0;
41.91364345258287;12.689314503052797;083413476;0.0;
41.913639271340166;12.689325711404345;083418495;0.0;
41.91363749484683;12.689344042294827;083422486;0.0;
41.91364210051535;12.68935333693599;083426481;0.8430091;
41.91366470838628;12.689302990327269;083521498;0.8955961;
41.91366708032537;12.68930310582231;083522466;0.98747474;
41.91367904141806;12.689291853478913;083526485;0.8763324;
41.91369226751637;12.689286362806206;083527462;1.0866648;
41.91370640189716;12.689276883570413;083528458;0.9768015;
41.91372534678404;12.689264596640061;083529473;0.8095517;
41.9137194532289;12.689273722625423;083701508;5.898343E-4;
41.91358925001886;12.68934678646466;101553375;0.0;
41.91360559150169;12.689346201249323;101554384;0.0;
41.91361354799444;12.689333964440307;101556379;0.0;
41.91361988832949;12.689316137432785;101557391;0.0;
41.91362396696937;12.68930151001482;101558379;0.0;
41.91362930395769;12.689291079375227;101601400;0.0;
41.91363464823307;12.689302177863592;101604440;0.0;
41.913644744630126;12.689301050503689;101607424;0.0;
41.913521240975044;12.689231681546149;102238399;0.0;
41.91353919899706;12.689212366478634;102239405;0.0;
41.91354404291685;12.689187837654243;102241419;0.0;
41.91353645592467;12.689179340465115;102243394;0.0;
41.91352658692657;12.689174062165629;102245398;0.0;
41.91351575073991;12.68917447507523;102246418;0.0;
41.91349343190843;12.689179402763893;102247395;0.0;
41.91347490550232;12.689197950350081;102248380;0.0;
41.91345948747173;12.68921153063094;102249427;0.0;
41.91346286467776;12.689192560995068;102250399;0.0;
41.91347166766664;12.689205816272898;102251390;0.0;
41.913449418396986;12.68920733780898;102253399;0.0;
41.913432150888845;12.689255205608797;102254371;0.0;
41.91343744095772;12.689277557156197;102255383;0.0;
41.9134280726724;12.689327679711461;102256405;0.0;
41.91342427945856;12.689343756420037;102257371;0.0;
41.9137335487506;12.689313372525826;102338392;0.51136565;
41.91374368998522;12.689299554942806;102339380;0.3522728;
41.91374950095014;12.68931069253214;102340415;0.37699372;
41.91375290207568;12.689329146119556;102342384;0.41262177;
41.913751956680834;12.689315335193049;102343437;0.12555963;
41.913752606448554;12.689327700117225;102346373;0.3262631;
41.91373989856478;12.689332885468069;102349373;0.020493764;
41.91372928719233;12.689337291342836;102353435;0.0;
41.91373287230108;12.689348743660885;102356411;0.2932353;
41.913724674064575;12.689350994373086;102357410;0.2634413;
41.91372668371837;12.689367005391038;102359435;0.06374522;
41.91373538425928;12.689378338671743;102403419;0.21624993;
41.91374291341517;12.689359835533182;102406444;0.14386486;
41.913747931075214;12.689383914127937;102409424;0.31309673;
41.91373719502361;12.689378285971351;102411423;0.07525252;
41.91373659717629;12.689348184432548;102416432;0.4264962;
41.91363539109735;12.689167721343939;102748494;0.26164418;
41.9136417901252;12.689158371922124;102800379;0.10105238;
41.91365383413293;12.689167260717928;102807381;0.113025606;
41.91383615070764;12.689240466460548;103503575;0.44731504;
41.913815559771386;12.689216793535703;103504413;0.42393035;
41.913798124298154;12.689203312694106;103505408;0.39552155;
41.91382175350502;12.689202552633997;103509419;0.0;
41.91381482221022;12.689194844126478;103511362;0.0;
41.91366051559044;12.688984404788636;103656380;0.024193035;
41.91369517665857;12.688998817707066;103707401;0.12392916;
41.91369440270151;12.68898527203354;103710441;0.42049038;
41.91369701319273;12.68897061170342;103711442;0.8366796;
41.91370373420246;12.688979948560165;103713461;0.5320234;
41.91371020040143;12.688988633572146;103717362;0.2002831;
41.91372524418523;12.688998314362424;103727413;0.0035958032;
41.91372359284198;12.689011946039239;103733668;0.021666797;
41.91371462181253;12.689044801017639;103748460;0.067124054;
41.91371397420479;12.689058061334132;103749499;0.08676446;
41.91397742137597;12.689426664547677;103829456;0.07447489;
41.91396942535378;12.689433150284676;103835430;0.001323579;
41.91361859864724;12.689437371413385;104923646;0.0;
41.91366530123191;12.689327799314972;104934706;0.0;
41.913819700582245;12.689437063669109;142351689;0.14105456;
41.91376120630977;12.689422245247489;142355675;0.0;
41.91370101614285;12.689419304489856;142359644;0.0;
41.9134978951459;12.689440020084678;145725586;0.0;
41.913533071266215;12.689479453428685;145729589;0.0;
41.913549654531124;12.689421980951296;145744586;0.004109384;
41.91359329584883;12.689381431610384;145748544;0.200891;
41.91353971739015;12.689368464355924;145817591;1.2145271;
41.913494338763954;12.689357154728933;145820589;1.3881793;
41.91346001965899;12.689302235589272;145825573;1.3051227;
41.91340098861151;12.68930247709064;145829562;1.2828081;
41.91334352535586;12.689301448366814;145833578;1.301895;
41.913397445384504;12.689264753075852;145934560;1.007764;
41.91343007836212;12.689192922082594;145939561;2.126262;
41.91340826360662;12.689107447669862;145941564;3.1981266;
41.91338630907276;12.689050242890161;145942561;3.8723118;
41.913363480616106;12.688986272431535;145943565;4.438257;
41.91333403388819;12.688920633755808;145944567;4.8532333;
41.91330293752235;12.688843651826664;145945555;7.2090197;
41.91326936084339;12.688760261066976;145946506;8.08116;
41.913231296291286;12.688667287811306;145947509;8.837183;
41.91318967477083;12.688566353940892;145948521;9.561433;
41.913144372193784;12.68845963991943;145949516;10.204669;
41.91310183756096;12.688358278014931;145950522;9.818699;
41.913058622604105;12.688254998252345;145951543;9.817931;
41.91301187711315;12.688151011240798;145952552;10.0114;
41.91296352585973;12.688044948068773;145953505;10.373499;
41.91291240815719;12.687935074482615;145954592;10.718644;
41.91286056886333;12.687819452845156;145955537;11.141237;
41.91280710328346;12.687701729657952;145956510;11.479398;
41.9127543994721;12.687583372869346;145957542;11.380323;
41.91270253112917;12.687470530722239;145958514;10.912775;
41.91265544285155;12.68736527924048;145959553;10.165824;
41.912615921427864;12.687268687604417;150000562;9.109578;
41.91258493677172;12.687189894873066;150001564;7.356075;
41.9125533679174;12.687101175539711;150003540;3.1936073;
41.91251045739674;12.687038339694448;150008523;2.7921178;
41.91243134297024;12.687049467024114;150010522;5.053786;
41.912385598783835;12.68706672578323;150011528;5.534881;
41.91233499652802;12.68709859190261;150012511;6.1430235;
41.912281313919806;12.687133750315436;150013514;6.6716266;
41.91222036454853;12.687173786894643;150014542;7.572536;
41.91215540061194;12.687217911619891;150015576;8.63922;
41.91207812920586;12.687268300840463;150016570;9.526089;
41.91199511086393;12.687322852913283;150017533;10.230044;
41.91190703426296;12.68738358376437;150018528;11.001364;
41.91181962514412;12.687441350784798;150019575;10.634711;
41.91173380039834;12.687505548792883;150020570;11.1387205;
41.91164566099773;12.687574615151208;150021571;11.548472;
41.91155468532873;12.687645324646718;150022533;11.910641;
41.911450759005014;12.6877090412432;150023529;12.654378;
41.91134704535335;12.687778875111267;150024527;13.175117;
41.91123566259739;12.687847890440198;150025566;14.183275;
41.91112669336422;12.687927815281283;150026527;13.852607;
41.91101443129816;12.68799941254094;150027540;13.802534;
41.910902495372746;12.68807254388518;150028556;13.825292;
41.91078839493866;12.688148816466086;150029585;14.118384;
41.91067050079194;12.688222875427009;150030564;14.399744;
41.910551521428054;12.688298740565406;150031561;14.522927;
41.91043456466132;12.688375585708084;150032583;14.353031;
41.91031759242357;12.688452174258234;150033557;14.417963;
41.91020371408256;12.688524061160429;150034556;13.941227;
41.91009268877204;12.688593614605871;150035564;13.64226;
41.9099823300086;12.688662992389572;150036559;13.6293955;
41.90987055499375;12.688737024065272;150037573;13.721555;
41.90976051474519;12.688812744384869;150038540;13.585656;
41.90965151988272;12.688895929848611;150039559;13.882749;
41.90954244411777;12.688980785652394;150040575;13.947066;
41.909433826809995;12.689067833372853;150041576;14.0755205;
41.90932565392955;12.689158891979485;150042575;14.167713;
41.90921822082162;12.689252064660538;150043528;14.213979;
41.90910949078307;12.689342799208491;150044566;14.242118;
41.909002997776405;12.68943205775874;150045543;13.733204;
41.908899089234986;12.689519928344927;150046539;13.671648;
41.90879392435518;12.68960558983145;150047590;13.707032;
41.90868944113873;12.689693459693974;150048566;13.655417;
41.90858791987915;12.689786351869763;150049556;13.610563;
41.908481267154286;12.689873256614163;150050605;13.833678;
41.90837588312834;12.68996534168913;150051559;13.900976;
41.90826986167494;12.690054118307778;150052564;13.880974;
41.908167955411294;12.69014064568326;150053519;13.413189;
41.908069154616655;12.690225340472034;150054538;13.037166;
41.9079713164274;12.690311906006869;150055552;12.99126;
41.90787395724021;12.690393601596533;150056564;12.754123;
41.90777880072601;12.690471980311685;150057563;12.3863945;
41.907684287657524;12.69055100521348;150058582;12.342818;
41.9075898534933;12.690629534710654;150059554;12.340428;
41.907496406499234;12.690710025445503;150100561;12.333516;
41.907403388250955;12.69079378540559;150101564;12.405963;
41.90730983700763;12.690874812860956;150102570;12.383218;
41.90721763834302;12.69095310425547;150103558;12.086043;
41.90712811875652;12.691031836753005;150104527;11.899229;
41.90703907018598;12.691111453552764;150105555;11.900771;
41.90694881028076;12.69119099921654;150106595;11.975219;
41.906860127016465;12.69126739218945;150107590;11.7210865;
41.906775640021664;12.691340361509038;150108561;11.15593;
41.90669249735009;12.691409533625869;150109535;10.894781;
41.90661153228047;12.691479668778397;150110559;10.504752;
41.90653256239995;12.691544962758002;150111570;10.285527;
41.90645951447136;12.691603715327208;150112549;9.377753;
41.90639980861815;12.691652888239863;150113556;7.828996;
41.90634207569963;12.691694056473118;150114578;6.527273;
41.906296403290646;12.691724086610579;150115567;5.5013933;
41.90625532305555;12.691749802784145;150116535;4.433979;
41.906187481104396;12.691716633467776;150118527;4.408038;
41.906157123312965;12.691663323691339;150119556;5.3127933;
41.90612429359521;12.691601663390008;150120559;6.0843353;
41.90608672313024;12.691531671500936;150121576;7.086866;
41.90604480263501;12.691456306283937;150122576;8.592541;
41.90600113729651;12.691368024430016;150123553;8.619409;
41.90595682134303;12.691277071071811;150124563;9.302699;
41.90591040754368;12.691179332578729;150125596;9.40742;
41.90585948700144;12.691075167487057;150126535;10.242029;
41.90580248222946;12.69096348165791;150127501;11.156344;
41.90574178914612;12.690844139636587;150128570;11.839315;
41.90568172436867;12.690724893179105;150129555;11.765722;
41.90562435015272;12.69060852804026;150130555;11.458153;
41.90556983109023;12.690494206324153;150131545;11.181486;
41.905516119141076;12.69038289406613;150132568;10.864825;
41.905462817803716;12.690272767089718;150133575;10.644643;
41.905411038364434;12.690169599418674;150134558;10.219027;
41.905362499647076;12.690075228174035;150135572;9.430119;
41.90531876711761;12.689990679853327;150136575;8.499814;
41.90528022173297;12.689914139392805;150137553;7.666884;
41.90524650932092;12.68984815989957;150138559;6.5640993;
41.905216702376464;12.689795466280152;150139554;5.3936462;
41.905167972766655;12.689718223682254;150141556;3.6680748;
41.90514076999085;12.689650269185261;150143572;3.3884451;
41.90518909473788;12.689564358970848;150145522;6.1419134;
41.90524660127496;12.689527245892329;150146538;6.902763;
41.90531683329513;12.689486147402464;150147552;7.945128;
41.90539162105557;12.689442272665097;150148541;9.779899;
41.905473744783;12.689388731971238;150149585;10.38887;
41.90555577014645;12.68930648299755;150150553;10.881174;
41.90563489595396;12.689223127230463;150151558;11.150866;
41.905711885468676;12.689128887823296;150152570;11.394108;
41.90578808400581;12.68903230781764;150153554;11.583303;
41.90586434980965;12.688927491313667;150154546;11.954873;
41.90594268844588;12.688822523898692;150155570;12.216828;
41.90602079836555;12.68871298412647;150156559;12.406604;
41.906097252964855;12.688608493054002;150157551;12.048767;
41.906169911078955;12.688509089193994;150158554;11.474108;
41.90624160107564;12.688414283773438;150159539;11.207419;
41.90632023355733;12.688330476503019;150200551;11.147649;
41.90641259799347;12.688257951578194;150201554;11.787816;
41.90651196473261;12.688190217099597;150202548;12.412693;
41.90661390027006;12.688112671839122;150203586;12.933359;
41.90671002262343;12.688023529924665;150204554;12.919587;
41.90679667619138;12.68791953118058;150205595;12.834778;
41.9068784089858;12.687802611829479;150206553;13.330953;
41.90695455674117;12.68767687040804;150207538;13.448072;
41.907021629376985;12.687546935804898;150208562;13.02075;
41.90707789454279;12.68741594217444;150209542;12.568166;
41.90712402219547;12.68728414017423;150210529;12.11666;
41.90716768118604;12.687160732123798;150211538;10.625616;
41.907186528624266;12.687037330185257;150212545;10.333959;
41.907166073270446;12.686910097776158;150213543;10.719451;
41.90711160060759;12.686785752973446;150214556;11.531295;
41.90703579691918;12.686679672681308;150215552;12.24974;
41.90694513197186;12.686587824875339;150216561;12.762683;
41.90684192710251;12.686511725825438;150217572;13.2088175;
41.906729100887894;12.686453424482053;150218565;13.436913;
41.906612538427545;12.686399144562195;150219552;13.696934;
41.90649648846911;12.686344777027788;150220563;13.577508;
41.90638320222717;12.686293001871023;150221585;12.989018;
41.90628894581098;12.686210131777464;150222563;12.554217;
41.9062144173125;12.686097657423254;150223536;12.31319;
41.906141746433995;12.685986462308332;150224540;11.980691;
41.906084354779;12.685867457415998;150225536;11.720712;
41.90602907741738;12.68574821343902;150226570;11.476812;
41.90597123011613;12.685635784919036;150227566;11.30231;
41.90591423346548;12.685525124122556;150228555;11.113365;
41.90585818513996;12.685416431957822;150229550;10.915558;
41.90580259217034;12.685310857294272;150230555;10.718942;
41.90574664285821;12.685209033238921;150231600;10.517546;
41.90569083977342;12.685110548412728;150232556;10.229728;
41.90563367124054;12.685015796404993;150233562;10.048673;
41.90557695853419;12.684923792078852;150234567;9.848224;
41.90551966178253;12.684836782889933;150235547;9.669575;
41.90546093303525;12.68475366791497;150236556;9.488929;
41.905406351180176;12.684678685643528;150237572;8.720075;
41.9053564681688;12.684610139213639;150238544;7.222409;
41.90531739131278;12.684552701623565;150239549;6.452499;
41.90528520845078;12.68449742901684;150240552;5.8316574;
41.905243501256436;12.684430030168704;150242571;3.232041;
41.905228162161386;12.684370639386467;150244551;2.3596456;
41.905205911108425;12.68430935890183;150246552;3.2387104;
41.90512215300404;12.684258124011938;150248563;5.8293195;
41.90506165412775;12.684241974775746;150249575;6.8811445;
41.904993163983754;12.684222220931474;150250551;7.9662805;
41.904916120434244;12.684199289579578;150251569;8.87283;
41.90483199043183;12.684175823705363;150252535;9.445826;
41.904752503450496;12.684152471703218;150253542;9.13343;
41.90467323037253;12.684128057121361;150254550;9.07099;
41.90459106675478;12.68410364710781;150255559;9.42029;
41.90450912692074;12.684079125905926;150256519;9.260001;
41.90442773880273;12.68405453029492;150257553;9.333135;
41.90434574128923;12.68402914020727;150258527;9.417648;
41.90426263215933;12.68400426779024;150259562;9.420595;
41.90418451887836;12.683978201606768;150300544;8.986753;
41.90411076688287;12.683955097675174;150301552;8.468363;
41.904035249003535;12.683944670601795;150302556;8.373029;
41.90396008348656;12.683949613685005;150303546;8.4218645;
41.903885691306044;12.683970597300066;150304563;8.461125;
41.903814937259895;12.68400733595015;150305559;8.465932;
41.903759535510744;12.684047065599618;150306555;6.9626436;
41.90370436537974;12.684095176699966;150308570;2.733526;
41.90364659074604;12.684155319999391;150315569;2.1689966;
41.90359496952423;12.684200201878838;150317554;4.2765985;
41.90351771390169;12.684149427266663;150319564;5.9649434;
41.90348283775717;12.684078294350025;150320536;6.9985676;
41.903449818810934;12.683995893714863;150321541;7.902309;
41.90341396141012;12.68389969689539;150322530;8.831289;
41.903375687252456;12.683797339781416;150323549;9.3603;
41.90333613891084;12.683692696203819;150324509;10.067777;
41.90329213724501;12.68358111743325;150325513;10.376843;
41.90324808987455;12.683462904987174;150326512;10.850702;
41.90320301933506;12.683341384424708;150327523;11.142276;
41.90315742681364;12.683219797802186;150328513;11.212795;
41.90311112661767;12.683098699386257;150329535;11.177187;
41.90306594331258;12.682979437708411;150330552;10.941308;
41.90302036958899;12.68286209958376;150331518;10.947888;
41.902978063391444;12.68274132733069;150332533;11.047028;
41.9029347153803;12.682617015277565;150333543;11.29693;
41.902889459525404;12.682491792686452;150334518;11.503791;
41.90284326239761;12.682370218195208;150335547;11.292272;
41.90279730372402;12.682249675592852;150336504;11.154057;
41.902752194941954;12.682129868336006;150337516;11.116013;
41.90270926664083;12.68201668756161;150338552;9.987891;
41.902672035136895;12.681907232342478;150339558;9.9833555;
41.902632735823445;12.681796555138328;150340535;10.381692;
41.90258444003694;12.68168598340269;150341511;10.675779;
41.90253631921661;12.681567255921916;150342502;11.160111;
41.902490299261025;12.68144106183757;150343544;11.673041;
41.9024441323407;12.681308622662883;150344559;12.051943;
41.90239466297245;12.68117776967737;150345523;12.195304;
41.902344119611406;12.681045654144535;150346543;12.323038;
41.90229266261079;12.680912422225845;150347525;12.4603815;
41.90224297355686;12.680778671645019;150348550;12.318735;
41.902192290260494;12.68064611374375;150349567;12.37783;
41.902144628296305;12.68051188709859;150350554;12.274574;
41.90209634793627;12.680379692476881;150351511;12.191217;
41.9020478999912;12.680247735743741;150352519;12.157584;
41.90199970999004;12.680117100404917;150353513;12.128693;
41.90194918017035;12.67998696049414;150354515;12.20607;
41.90189638004981;12.67985512930628;150355541;12.392478;
41.90184321928438;12.679721355836257;150356543;12.740158;
41.90179034737962;12.679583564325682;150357528;12.820894;
41.901741194983536;12.679442854520458;150358511;12.887448;
41.90168764066213;12.679303650747906;150359538;12.953033;
41.90163477317082;12.679164954076057;150400503;12.857256;
41.90158484934257;12.679028427982493;150401526;12.348316;
41.9015366276635;12.67889387194781;150402542;12.356019;
41.901486869584716;12.678761416482958;150403534;12.258945;
41.901439884913664;12.678631360752894;150404546;11.916413;
41.90139249037109;12.678511458119422;150405526;11.268805;
41.901351397091695;12.678394393903963;150406549;10.708022;
41.901310373111635;12.678284278602417;150407546;10.203532;
41.90127036070208;12.678188309521246;150408529;9.092498;
41.90122902264179;12.678110787447192;150409555;7.9294577;
41.90118454522234;12.678044653644093;150410556;6.82319;
41.90111701005173;12.678035541068548;150411552;7.4194083;
41.901044693024254;12.678028255155272;150412527;8.448519;
41.9009633013886;12.678075620183575;150413548;9.821978;
41.90087448735738;12.678127844909104;150414549;11.089954;
41.90077955352939;12.67819678959529;150415521;11.70434;
41.90067925579924;12.678262188329843;150416518;12.226872;
41.90057580825812;12.67832760686981;150417536;12.608579;
41.90047121388634;12.678395786925638;150418549;12.8668;
41.90036367686504;12.678464746393345;150419529;12.886286;
41.90025735326618;12.678533513862853;150420564;12.799638;
41.90015283836938;12.678603010103009;150421576;12.753592;
41.900047654286425;12.678671616709035;150422570;12.761325;
41.89994216493213;12.678738317772194;150423560;12.6584;
41.89983634618915;12.678801395812075;150424569;12.702375;
41.89973054818916;12.678863118446685;150425518;12.749934;
41.89962549081221;12.678926044507007;150426522;12.77272;
41.89952063478526;12.678989496605348;150427570;12.832449;
41.89941549424901;12.679056393876673;150428542;12.872454;
41.899309756828956;12.679123866813587;150429533;12.912799;
41.89920587389459;12.679192850370022;150430537;12.812695;
41.899100877910726;12.67925971304072;150431539;12.70344;
41.89899765793753;12.679321511449158;150432533;12.636004;
41.89889550974806;12.679384467439265;150433550;12.516682;
41.89879395642772;12.679445532842122;150434562;12.347894;
41.89869571211353;12.679506201387579;150435554;11.668003;
41.89859900002705;12.679564406566154;150436563;11.70246;
41.89849846373718;12.679621070557218;150437551;11.895842;
41.89840385091229;12.67968491788491;150438552;11.76858;
41.89830649865717;12.679744004786858;150439580;11.86196;
41.898208168886285;12.679805008261168;150440561;11.954815;
41.89810929619237;12.67986549487496;150441597;12.034069;
41.898010038934615;12.679925387818802;150442577;12.114252;
41.89791052191428;12.679988248190625;150443544;12.157553;
41.897809745391804;12.680048922690172;150444549;12.36992;
41.89770695689901;12.680111753990046;150445539;12.479697;
41.89760269111474;12.680171916115134;150446551;12.584676;
41.89749917485975;12.680227279033826;150447559;12.424059;
41.897396155228634;12.680287165420596;150448516;12.440168;
41.89729227052973;12.680352454390825;150449519;12.749027;
41.89718633221411;12.680419153607312;150450554;12.9542675;
41.89707962990057;12.680484237458868;150451553;13.084237;
41.89697173772364;12.680557310167837;150452566;13.447088;
41.896859694090665;12.680630353851118;150453527;13.868017;
41.89674661215674;12.680702720147298;150454565;13.939563;
41.896633827985525;12.680774289497121;150455510;13.776648;
41.89652369975454;12.680844861422548;150456547;13.582277;
41.89641179859702;12.68091533604191;150457552;13.710581;
41.89630265116863;12.68098239207694;150458513;13.313072;
41.896196563680626;12.681050280521942;150459555;13.107728;
41.89609073757441;12.68111641855859;150500549;12.959235;
41.89598969587584;12.681179228732395;150501577;12.321602;
41.89589411891919;12.681239253903307;150502584;11.633169;
41.89580266826723;12.681294782011166;150503539;11.106512;
41.89571631517232;12.681341617509515;150504564;9.551565;
41.895631656956965;12.681344477379026;150505522;8.83972;
41.89556820129881;12.681268632097645;150506551;8.740364;
41.89553133943809;12.681164278833654;150507548;8.9374075;
41.89549947349989;12.681054685269771;150508555;9.14429;
41.89546609761419;12.680943779595358;150509589;9.5773735;
41.89543015191839;12.68082892066731;150510538;9.986094;
41.8953924215379;12.680712090141373;150511569;10.361638;
41.89535207406594;12.680593349623521;150512563;10.754379;
41.895308811339454;12.680470765526454;150513578;11.178975;
41.895265402440096;12.680342463871881;150514542;11.66543;
41.89522160497211;12.68020905604627;150515566;11.932169;
41.895174727156046;12.680073847397836;150516511;12.317264;
41.895128589477515;12.67993656069476;150517520;12.283986;
41.895083087141614;12.679804558558692;150518528;12.05694;
41.89503774551724;12.679670914345532;150519578;12.178133;
41.8949920800787;12.679533885357921;150520539;12.341978;
41.894944856524496;12.679395833803023;150521513;12.518606;
41.894898158793346;12.679259138610393;150522542;12.441091;
41.89485148704644;12.679125537872123;150523527;12.22299;
41.894804343588774;12.678990352311793;150524545;12.333202;
41.89475575278191;12.67885368991864;150525554;12.504342;
41.89470740488953;12.678718385851331;150526561;12.421562;
41.89466002558698;12.6785851386644;150527574;12.183385;
41.894612162690656;12.678455003699657;150528554;12.039986;
41.894563610371144;12.678325411866442;150529543;11.930037;
41.89451235794475;12.678197501498218;150530513;11.9546175;
41.89445955809774;12.678069820836997;150531518;12.064276;
41.894409145185406;12.677942420405225;150532548;11.898379;
41.89436042577577;12.677814690396556;150533561;11.846581;
41.894313023411414;12.677683256693355;150534557;12.071764;
41.894266188325325;12.677550703865611;150535572;12.162386;
41.894221936528844;12.677420645808082;150536529;11.8545;
41.89418012409399;12.677292654219961;150537564;11.528362;
41.89413907552927;12.677168293804899;150538564;11.27098;
41.89409913760744;12.677049726531509;150539555;10.742817;
41.89406093142246;12.676937067351194;150540539;10.262467;
41.89402463305903;12.676828731175515;150541569;9.839356;
41.89398925537674;12.676722135848857;150542560;9.652275;
41.89395452357037;12.676618524292524;150543567;9.376655;
41.893924291000026;12.676529086062008;150544577;8.137918;
41.89389774845529;12.676455187353262;150545559;6.7799277;
41.893877368929864;12.676395596852316;150546575;5.3753266;
41.89386716526982;12.676293614372474;150548515;4.180234;
41.893909654977165;12.676197969072446;150550547;5.0262327;
41.893964987611724;12.676173990947074;150551551;6.26694;
41.8940260223647;12.676146157958934;150552547;7.119771;
41.8940945168753;12.676109733997189;150553544;8.003045;
41.89416744008098;12.676065475280133;150554567;8.792729;
41.89424078366393;12.676017060252152;150555554;9.05667;
41.89430456869086;12.675972382531267;150556518;7.971966;
41.89435907926794;12.675935393016337;150557599;6.76497;
41.89440568867672;12.675908694927116;150558567;5.5997424;
41.894472970568934;12.675894952401304;150600581;2.4116983;
41.8945361713097;12.675960670654682;150627574;1.3491523;
41.89458453212467;12.675952107451668;150632538;0.8246161;
41.89462791407472;12.675928397726043;150637560;0.84608513;
41.8946834801579;12.67594666830386;150705553;1.1334512;
41.894706290426534;12.675999849440368;150709556;1.0233887;
41.894727029852824;12.676054801214708;150713532;1.1893767;
41.894747548465766;12.676108691463718;150717525;1.2186905;
41.89476943673404;12.676166927795109;150721550;1.5484726;
41.894784032377345;12.676226641240131;150725557;1.1549734;
41.894805241381206;12.676292456893716;150730550;0.88569975;
41.89482263432588;12.676365713668977;150736522;0.9925985;
41.89480087726139;12.676418658087563;151133554;0.6036839;
41.89475603536245;12.676459661117615;151138561;1.0373482;
41.89471134943403;12.676477615855088;151142554;1.1467735;
41.89466623461606;12.676458140456555;151146553;1.1479218;
41.89461707169435;12.676432288677475;151151564;1.1066601;
41.894574809351916;12.676390006343466;151157544;1.0447894;
41.89453545090175;12.676355684496832;151203556;0.9531316;
41.894490402636436;12.676332525390661;151208545;0.9780211;
41.89445833557821;12.676285318600392;151213562;1.0024005;
41.89442933292492;12.676235047396453;151218560;1.0130336;
41.894390583692044;12.676193809299322;151223530;1.0207793;
41.89436842357785;12.676140603288216;151230555;0.4245307;
41.8944135456932;12.67615371404519;151258547;0.4933429;
41.89437596591488;12.676117968586633;151348552;0.022143908;
41.8943580473212;12.676178181781095;151549535;0.31983662;
41.894368154325655;12.676241498636482;151606501;0.4494456;
41.894383222831955;12.67630245044663;151616513;0.53654486;
41.89442372401696;12.676334434145181;151621529;0.75912213;
41.894460036132976;12.676386973290457;151625502;0.8490555;
41.894500893648726;12.676440364199404;151630555;0.87816775;
41.89454840919091;12.676468680159887;151633569;0.95934534;
41.89458926409725;12.676506976443275;151637520;0.98733693;
41.89463616299677;12.67652012965076;151642525;0.93595845;
41.894685702012545;12.676497837184126;151647527;1.011398;
41.8947264258552;12.676470237479391;151651568;1.078422;
41.89477341857057;12.6764394231068;151656517;1.1119115;
41.89482188737083;12.676409602087313;151700563;1.1765423;
41.89487282232754;12.676437668132744;151734543;0.9603852;
41.894896902862094;12.676490505833394;151738570;1.3064737;
41.894894781280605;12.676551484061097;151747572;0.712795;
41.89489836576995;12.676616912719695;151752560;0.9200523;
41.89488410089364;12.676542969944334;151805553;0.9141885;
41.89486419811957;12.676473797816065;151810535;1.0136114;
41.8948347927194;12.676414354641686;151814550;1.0422498;
41.89478650671877;12.676407025635932;151944553;1.0440894;
41.894745922393135;12.676372502779056;151947540;1.2562681;
41.894708783523555;12.676326132649814;151951549;1.2185949;
41.894665593726415;12.676290076464598;151955555;1.2062781;
41.894624421678714;12.676255963840218;151959556;1.2360865;
41.89458113892404;12.676225334016017;152003538;1.2616646;
41.89453461558894;12.676203271302137;152007553;1.2795966;
41.89448918119791;12.676192124543062;152011544;1.2800683;
41.89443321487143;12.676180118131331;152016538;1.2416227;
41.894388668982245;12.676164006091145;152021547;1.1618117;
41.89435965221727;12.676117852411052;152041568;0.023448136;
41.89433775172884;12.676173465408088;152717508;0.054335628;
41.89436898260678;12.676240226116635;152855553;0.94033706;
41.89438829064109;12.676308525556028;152859571;1.1271514;
41.89440214227173;12.676370023767117;152903550;1.1165425;
41.894419458742945;12.676437459803404;152908536;1.06327;
41.89444457858346;12.676501889603703;152912553;1.0731623;
41.894476899954;12.676546066837288;152916553;1.0724336;
41.89450878706413;12.676588825237392;152923563;0.5377005;
41.89456441220672;12.676563377075793;152927525;1.2102073;
41.894616661180144;12.676539546400845;152931528;1.2304046;
41.89466447564457;12.67651591215762;152935564;1.2460907;
41.89470836010477;12.676492371425347;152939532;1.2412387;
41.89465935199617;12.67646856955766;152957565;0.96210283;
41.894615150316135;12.67644190872172;153002561;0.97448057;
41.894572447225485;12.67642159279174;153007557;0.9760875;
41.89453079321167;12.676397343209139;153012561;0.9597154;
41.894485162621145;12.676372312865142;153018561;0.9352968;
41.89444379775788;12.676330609241148;153034530;0.71758246;
41.89442697314136;12.676274435184594;153040562;0.71169704;
41.89440537915918;12.67622129172429;153047560;0.57364744;
41.894386303595525;12.67616594242276;153321547;0.023591308;
41.894408664643976;12.676229143062551;153702574;1.188432;
41.89442834966328;12.676301836141539;153706511;1.378643;
41.89444753670457;12.676374029913967;153710570;1.3920441;
41.89446897219124;12.676444391011529;153714556;1.3749924;
41.89447188265436;12.676512124972623;153719547;1.2281812;
41.894427136639784;12.676487583685619;153725572;1.1111377;
41.894440745809696;12.67641947890347;153731557;1.0958683;
41.89444158857118;12.676354232118978;154045571;1.193437;
41.894414591139586;12.676302547557166;154048574;1.4567848;
41.89437657913473;12.676247660565402;154051571;1.5291946;
41.894339719498966;12.67619054221359;154054575;1.5280405;
41.89434476035804;12.676127776487585;154112569;0.44347686;
41.89438927163448;12.676169999636443;154134551;0.9580384;
41.89440910125723;12.676225568159627;154138558;1.2387538;
41.89444023998419;12.676279173264616;154142560;1.255584;
41.89447951470517;12.676328373259635;154146545;1.317326;
41.894523172113495;12.676374008739167;154150553;1.3761277;
41.89457340739835;12.676409289216501;154154545;1.4090688;
41.894620145386575;12.676442856050127;154158554;1.427062;
41.89466912534775;12.676452695803501;154203550;1.3262111;
41.894715862379556;12.676451634313798;154208559;1.2468382;
41.8947610389521;12.676441210345315;154213555;1.165118;
41.89481136197179;12.676427111623932;154218543;1.1192856;
41.894852523316494;12.676399633196896;154229547;0.022840997;
41.89487843789304;12.676465201792647;154247558;0.8981553;
41.89488188832861;12.676527822668916;154253522;0.88106155;
41.894894573076705;12.676597895245639;154258526;0.945313;
41.8948592031031;12.676638139834997;154307542;0.2792747;
41.89481851642073;12.67660731207708;154630524;0.016148528;
41.89478113398459;12.67665667171348;154713519;0.20865144;
41.89476088356525;12.676710649432557;154740505;0.009211327;
41.89472292921999;12.676746187895743;154911481;0.013709307;
41.894688541266454;12.676785148780217;155556493;0.14833635;
41.894734701341946;12.67679120285907;155722515;0.12329532;
41.894728196594535;12.676851126197263;161604517;0.014518338;
41.89473272845531;12.676785032870223;161804509;0.08661615;
41.894750371462266;12.676727582618133;161858550;0.72579277;
41.89478669217325;12.67668726355373;161904543;0.71967894;
41.894811447002205;12.676633504716452;161916528;0.007644846;
41.89485216549971;12.67660488589353;161932517;0.9663295;
41.894905686967654;12.67660032931977;161937527;1.137021;
41.89489652134825;12.67666199856508;161945543;0.97517365;
41.894847149037886;12.676664426119187;162020527;0.20774052;
41.894858969417506;12.67660369436495;162138541;0.32269055;
41.89487653022969;12.676547538101879;162235543;0.026845187;
41.894853784837466;12.676493098322561;162335556;0.44056928;
41.89480302321457;12.676490399815759;162338561;1.1271219;
41.89474607781753;12.676477578743759;162341549;1.3638955;
41.894697908012255;12.67646103237755;162344521;1.3917624;
41.89465282919714;12.67643805282457;162347549;1.3995333;
41.89462261077073;12.676388310190065;162351572;1.3587488;
41.894593604861335;12.676329755388366;162355543;1.3218242;
41.89454408634158;12.676307697693245;162359565;1.2993948;
41.8944955369377;12.676282892093614;162402566;1.336947;
41.89445068635412;12.676254882500892;162405556;1.3499273;
41.894400480292504;12.676232399310171;162409557;1.3146886;
41.89442106060191;12.67617808589057;162511559;0.9925129;
41.89439413166295;12.676128966777805;162603515;0.05744077;
41.89435086119994;12.676154265180468;162742514;0.63424283;
41.89431252305136;12.676122610488735;163324536;0.035931133;
41.894266449505544;12.67614862871229;163525547;0.039077375;
41.89422479720853;12.676185270979667;163753517;0.06324627;
41.894270065025815;12.676190719032691;164127518;0.031825215;
41.89431248921929;12.676165287454326;164457541;0.4128831;
41.894357037871686;12.676130888160058;164515570;0.022259247;
41.89439921216673;12.676107025772563;165702561;0.016490286;
41.894440563242945;12.676132419736103;165806531;0.30163023;
41.894499536763526;12.676164636259282;165810563;0.94538885;
41.894545498526455;12.676203649326236;165813583;1.2393203;
41.89459031790144;12.676211437802587;165817576;1.260078;
41.89464237258847;12.676214414130632;165821552;1.3046299;
41.89468913237528;12.676245400768982;165826574;1.2753177;
41.894716473228115;12.6763012018237;165830559;1.3801106;
41.89473748572851;12.676367931618492;165834565;1.3707073;
41.89474745017058;12.67642672661105;165838549;1.2543823;
41.894774264301105;12.676484745644016;165842552;1.1487758;
41.89479433243231;12.676540410150025;165846561;1.1394833;
41.89479409954829;12.676606063179493;165853566;1.0094681;
41.89479622663986;12.676667086133348;165857538;1.023396;
41.894793697269975;12.67660644707501;165959536;6.999151E-4;
41.894783240127325;12.676545043176514;170006552;0.15711005;
41.89473520543293;12.676534488907912;170020553;1.223143;
41.894682304166196;12.676509344992724;170023563;1.3986665;
41.8946370700131;12.676491899618043;170026559;1.418527;
41.89458330642853;12.676461194190765;170030558;1.4209567;
41.8945329725083;12.676425513675307;170034559;1.4168688;
41.89448896455521;12.676379564164609;170038549;1.4180874;
41.89445297161667;12.67634223192755;170041585;1.452789;
41.89440846600578;12.676293179035937;170045562;1.4951413;
41.89437136072843;12.67624088354099;170049579;1.4975275;
41.89436895187176;12.676179850929802;170101568;0.04898503;
41.89441703888491;12.676168275933387;170128550;1.2224182;
41.8944721761558;12.676178440814134;170133567;1.2863454;
41.8945219494811;12.676193767885625;170137551;1.3189727;
41.89456880923703;12.676210608455978;170141576;1.3294301;
41.89461243248656;12.676234301201022;170145549;1.3363721;
41.8946530405905;12.676273524379354;170149565;1.3404201;
41.89469412396357;12.676314252957791;170153573;1.3538134;
41.894741030736576;12.676347990847995;170157544;1.3439854;
41.89478266499823;12.676384458319257;170201551;1.3424349;
41.894826592388235;12.676398191652774;170242530;0.0055557224;
41.89485757278439;12.676456110951564;170423574;0.7833199;
41.89488482722662;12.67651019744486;170428562;0.66985035;
41.89493412297833;12.676481380239903;170432564;1.3286173;
41.894980003767245;12.676457247008319;170436542;1.3583698;
41.89502274892351;12.676426860782387;170440582;1.3084415;
41.89506703408573;12.676397672927058;170444555;1.2860802;
41.895117302373;12.676365451652455;170448547;1.3304918;
41.89516938161928;12.676338858512851;170452577;1.3416264;
41.89521893818427;12.676363096725307;170522535;0.39291412;
41.89526566759597;12.676375196395414;170529590;0.046190705;
41.895232975475814;12.676325127596712;170552555;0.5401276;
41.895258093346264;12.67627273600554;170616559;0.16561969;
41.89522360151522;12.676322880339569;170625564;0.13603681;
41.895176998613266;12.676302595234128;170631546;0.42929864;
41.89514148681388;12.67634967879282;170642544;0.22502224;
41.89513217419373;12.67640949237437;170743534;0.03745938;
41.89507648027677;12.676431390472203;170750545;0.72166824;
41.895014769684614;12.676466658039654;170754548;0.71448183;
41.89497793428364;12.676507762174477;170814532;0.50484717;
41.89493093356641;12.676532781169117;170819512;0.8769456;
41.894887764193925;12.676566151434365;170826605;0.59284157;
41.89486786225606;12.676511915757775;172225391;0.03572826;
41.89484005869773;12.676458619717996;172234461;0.5772556;
41.894816478155626;12.676389130328046;172237416;1.0188235;
41.894792630896184;12.676334230583652;172240429;1.0422056;
41.8947670327923;12.676264623684236;172244397;0.98070663;
41.89474527929534;12.676197829036926;172247423;1.0269685;
41.894727776403265;12.676132466275847;172250421;1.0072414;
41.89469743446385;12.676075119546919;172257427;0.86494094;
41.894644150337754;12.676077635724937;172300421;1.2571236;
41.89459744613988;12.676094634530132;172303435;1.6082087;
41.89453713239268;12.676103651402885;172307428;1.5599141;
41.89451590752795;12.676043491360833;172323447;0.34791294;
41.89450758027707;12.675976266748199;172338385;0.02453259;
41.894546947530436;12.675899537660095;172452426;2.2800603;
41.89459892697865;12.675857143718726;172453396;3.5742311;
41.8946543595025;12.675825682571157;172454429;4.4818583;
41.89471162969243;12.675791674429867;172455433;5.1611667;
41.89477757367341;12.675751755514293;172456436;7.193452;
41.89484708252853;12.675706556593571;172457413;7.8995357;
41.89492060754144;12.675651861296652;172458444;8.54013;
41.89499371270416;12.67559449650666;172459440;8.880298;
41.89506354516681;12.675540521932048;172500419;8.771425;
41.89513122578505;12.675487378047874;172501418;8.740584;
41.89519833994945;12.675441448265218;172502429;8.311863;
41.89526522187974;12.675395076623241;172503452;7.8268957;
41.89532339229233;12.675353194993853;172504433;6.4095244;
41.89537303307837;12.675316008410217;172505373;6.056175;
41.89541795873159;12.6752876374567;172506395;5.466931;
41.89545934321184;12.675257176946412;172507397;5.102924;
41.89550457429116;12.675238477127174;172508384;5.2614713;
41.89555880539916;12.675257476442619;172509377;6.7575264;
41.89559122201402;12.675339485783804;172510414;6.780454;
41.89561778941875;12.675427284432491;172511457;7.4327254;
41.89564808881695;12.675523850356129;172512417;8.173536;
41.8956812597697;12.67562379593141;172513404;8.816649;
41.89571450679257;12.67572718661598;172514426;9.658476;
41.89575036365727;12.675838946195686;172515380;9.899252;
41.89578910188953;12.675953839650834;172516422;10.260717;
41.89582987016059;12.676070004005588;172517435;10.508188;
41.89586594632573;12.67618617754088;172518419;10.235455;
41.89590228213714;12.676303030799714;172519418;10.354404;
41.89593962187225;12.676414721123889;172520435;10.07506;
41.89597409745311;12.676527585493314;172521421;10.025984;
41.89600894511775;12.676642050313523;172522434;10.180725;
41.89604597752733;12.676758674470232;172523432;10.459759;
41.89608541709909;12.676877399554458;172524417;10.702546;
41.89612438924906;12.676994696725902;172525427;10.529127;
41.896161662940415;12.677100061194878;172526428;9.680594;
41.89619795739844;12.67720173353635;172527449;9.25951;
41.89623185258909;12.677297929501435;172528420;8.7373295;
41.896263196494615;12.677390572273284;172529421;8.364326;
41.896292363944156;12.677480644736788;172530405;8.174258;
41.896328802390926;12.677567608012764;172531422;8.127902;
41.896365077462654;12.677654861897063;172532410;8.238165;
41.89639963348991;12.6777450714891;172533428;8.3844;
41.896432917878116;12.677840054716233;172534412;8.689591;
41.89646536691573;12.67793974079788;172535426;9.022433;
41.896497906104514;12.678041823711293;172536431;9.170564;
41.89652690244191;12.678140844807704;172537405;8.797581;
41.896553908389016;12.678225054906127;172538423;7.558309;
41.89658111499999;12.67829981603283;172539433;6.85126;
41.89660566715037;12.678370539364392;172540429;6.498725;
41.89663021084472;12.678436707528203;172541431;6.090732;
41.8966518231963;12.678501572942215;172542423;5.8470087;
41.896671912963335;12.678568103638876;172543440;5.917606;
41.89669226485109;12.678637081815817;172544425;6.1544886;
41.8967131984084;12.67870846247629;172545422;6.344727;
41.896735718151405;12.678774603675867;172546412;6.0106025;
41.896759425487794;12.678839766442398;172547408;6.004567;
41.89678248039603;12.678909573008008;172548417;6.2935348;
41.896804903456704;12.678979282828655;172549413;6.2627034;
41.89682560379493;12.67904904666016;172550417;6.164254;
41.89684568234027;12.679121471739164;172551397;6.369855;
41.896866852936405;12.679196241100273;172552430;6.6219873;
41.89689063094799;12.679270762852193;172553409;6.6581187;
41.896914087710925;12.679340544289005;172554427;6.3133645;
41.896936648112835;12.67940804159747;172555433;5.9269886;
41.89695919072752;12.679473545836982;172556419;5.9871902;
41.89697927027552;12.679542585792747;172557403;6.113015;
41.89699911765851;12.679609801451885;172558381;5.976263;
41.89701782955313;12.679671723022002;172559406;5.524477;
41.897035372462945;12.67973019075358;172600444;4.902327;
41.89705275199453;12.679787919638944;172601424;5.381656;
41.897075097426864;12.679848921565714;172602447;5.5892167;
41.897096872125054;12.67991393868824;172603415;5.9219155;
41.897121853705656;12.679979935134591;172604460;6.126679;
41.89714086062562;12.680049140534836;172605444;6.0699253;
41.89715661835652;12.680110191099935;172606417;5.378596;
41.8971849691267;12.68021130985322;172608426;4.0223174;
41.89720686759709;12.680276519418147;172611428;1.3325157;
41.89723944971887;12.68034854134593;172618413;1.1634299;
41.89729213726591;12.68036085733009;172620396;3.3840947;
41.897372564709926;12.680321394600888;172622426;4.9908233;
41.89741765740457;12.680293030807768;172623423;5.441498;
41.89746393356064;12.680263064368287;172624416;5.7259884;
41.89751766778624;12.680227486386537;172625425;6.656533;
41.89758081473922;12.680187390392101;172626439;7.6397676;
41.89765062240997;12.680143237622648;172627429;8.508109;
41.89772694261375;12.680095503373645;172628435;9.427257;
41.89780801091374;12.680045828239072;172629423;9.920654;
41.89788758730218;12.679996905591493;172630426;9.752847;
41.89796439860945;12.679951121304155;172631431;9.310963;
41.89804220091784;12.679904529833292;172632426;9.567465;
41.89812147901868;12.679858236519372;172633422;9.627784;
41.89819918164386;12.679809668911865;172634432;9.511156;
41.89827525885886;12.679763647992809;172635426;9.302208;
41.89835356164506;12.67971534118663;172636426;9.585247;
41.89843266882867;12.679666182617206;172637418;9.612046;
41.898508971929125;12.679620753852763;172638455;9.278344;
41.898583375998086;12.67957684599377;172639438;9.0003195;
41.89865964458077;12.67953138772025;172640428;9.271749;
41.898736243633344;12.679487354333347;172641437;9.195917;
41.89880922982498;12.679438826260618;172642442;8.968887;
41.89888330483054;12.679392152983143;172643426;9.013939;
41.898959840358586;12.679344879195385;172644429;9.324583;
41.89903868102937;12.679296659833735;172645440;9.563213;
41.89911472058749;12.67924970797081;172646429;9.335193;
41.89918999887734;12.679201409342948;172647396;9.19213;
41.89926622504879;12.679152621440227;172648407;9.494352;
41.89934275180487;12.679103919431798;172649445;9.392443;
41.89941991409118;12.679056368787103;172650439;9.428561;
41.89949895459454;12.67900788548004;172651434;9.640959;
41.89957888528618;12.678957567631809;172652436;9.761799;
41.89965626137598;12.678907882992142;172653428;9.508387;
41.89973304385678;12.67885779163594;172654420;9.397436;
41.89980949203478;12.678806249934084;172655440;9.47105;
41.899885134528105;12.678759459563556;172656420;9.251329;
41.899957433239955;12.678715600249332;172657406;8.894184;
41.900031857426306;12.678668498949559;172658420;9.128686;
41.90011015377367;12.678620491079027;172659388;9.89975;
41.90019087670632;12.67857182656474;172700437;9.83974;
41.900268753329094;12.67852496340867;172701425;9.481346;
41.90034608123641;12.678479653434371;172702447;9.378694;
41.90042312798591;12.678435759925923;172703420;9.315407;
41.90049709728238;12.678394348092597;172704443;8.936436;
41.90057091182619;12.678347540936649;172705397;9.0228615;
41.900646626919304;12.678304815811305;172706425;9.291448;
41.900721543889034;12.678261432876592;172707422;8.875019;
41.90079243079124;12.678222348083157;172708445;8.54353;
41.90086283066424;12.678183430820017;172709430;8.336263;
41.90092847498509;12.67814397703843;172710409;8.054644;
41.90099021589172;12.678111700036368;172711430;7.3862896;
41.90104530171189;12.678081543971118;172712425;5.706025;
41.90110381206844;12.678083308591296;172713428;6.613422;
41.9011591273073;12.678108337690354;172714420;6.494988;
41.90120862621999;12.67816471838244;172715441;7.1239343;
41.90124928136775;12.678236925286233;172716390;7.352567;
41.9012852335022;12.67831811803912;172717418;7.805118;
41.90132253687077;12.678414582606782;172718459;8.738628;
41.90135977517228;12.678515350981934;172719425;9.186459;
41.90139661022404;12.678614691616373;172720441;9.103807;
41.901433915561086;12.678713751986484;172721434;8.96094;
41.901469219574146;12.678808042953268;172722427;8.802197;
41.90150684829825;12.678908036521136;172723427;9.248405;
41.9015446075995;12.679008355035169;172724399;9.362716;
41.901582925878344;12.679111750040567;172725439;9.416218;
41.90161770610599;12.67920812037444;172726400;8.786774;
41.90165095495724;12.679298668224432;172727438;8.316039;
41.90168205610966;12.679384882433672;172728432;7.94931;
41.90171359232819;12.679473763845365;172729440;8.1013155;
41.9017462583044;12.679571468410023;172730418;8.766682;
41.90178387819544;12.679673850755416;172731442;9.411805;
41.90182290819255;12.679779939566254;172732402;9.7064705;
41.90186228569403;12.679880851932797;172733452;9.488055;
41.90190215857956;12.67998246639237;172734460;9.552639;
41.90194140752491;12.680084968241086;172735453;9.520564;
41.90198198339197;12.680189975944167;172736424;10.002802;
41.902025252687984;12.680300225582515;172737433;10.367059;
41.90206841828534;12.680415509311898;172738382;11.014287;
41.90210723898551;12.680533554718863;172739400;10.693578;
41.90215181806564;12.680647646628369;172740412;10.638579;
41.90219536322147;12.680761791754932;172741381;10.651077;
41.90223924445695;12.680876050439606;172742421;10.620776;
41.90228167676239;12.680991606975324;172743431;10.684253;
41.902322184906915;12.681105354547986;172744434;10.402009;
41.902363211110156;12.681215069164159;172745415;10.119898;
41.90240569679439;12.681325187394073;172746425;10.249309;
41.9024491806292;12.681436347099474;172747399;10.410429;
41.90249181946024;12.681549806901021;172748420;10.464125;
41.90253554650451;12.68166194834215;172749410;10.439306;
41.90257662925247;12.681774487886933;172750402;10.36428;
41.902617383261784;12.681884921094353;172751446;10.156133;
41.902655812255965;12.681991862941285;172752436;9.79488;
41.90269221239855;12.682095115307746;172753407;9.464389;
41.90272646237929;12.682193614026628;172754411;8.989358;
41.9027587775109;12.68228453050409;172755438;8.394193;
41.9027910614142;12.682373475626441;172756424;8.152997;
41.902824543944945;12.682461154911117;172757421;8.148006;
41.90285726862988;12.682550638070307;172758456;8.273363;
41.902891888030034;12.682642317973274;172759421;8.4636965;
41.902926077998515;12.682731942167807;172800440;8.328855;
41.90296077503738;12.682819165736909;172801419;8.229965;
41.902996841242754;12.682906422802107;172802448;8.263907;
41.90303265455438;12.682995560214666;172803402;8.41762;
41.90306862817091;12.68308991692756;172804412;8.780326;
41.903105241081626;12.683189692334095;172805426;9.192951;
41.90314258166125;12.683292086347608;172806439;9.449187;
41.90318103147725;12.68339486410172;172807428;9.5040455;
41.9032191001239;12.68349673486354;172808454;9.421253;
41.90325733054387;12.683597987736732;172809436;9.428731;
41.90329732440391;12.683699316506287;172810430;9.468302;
41.90333483264999;12.683796218570725;172811419;9.015991;
41.90337122231212;12.683888447262262;172812400;8.285576;
41.90340172640202;12.683972766565;172813401;7.7728853;
41.9034268896715;12.68403905306511;172814393;4.5595183;
41.90345384148832;12.684102107868483;172816440;1.666599;
41.903484093990414;12.684172275274925;172821450;2.008817;
41.90350321185928;12.684231402779819;172828423;1.1969321;
41.90357824405002;12.684240858958027;172831427;4.084468;
41.9036185542374;12.684210216250648;172832438;5.048564;
41.903660720388636;12.68417228543703;172833427;5.465714;
41.90371032156095;12.684126571020606;172834448;6.6741686;
41.90377040838258;12.684076169899805;172835404;7.847102;
41.903842434398086;12.684028492907656;172836425;8.836587;
41.90392153672374;12.683993105373837;172837455;9.139078;
41.904005169374265;12.683974786550744;172838423;9.397985;
41.90409061276365;12.683977459157129;172839425;9.460762;
41.90417776994568;12.683999465220584;172840424;9.878606;
41.904264125540585;12.684027410706754;172841435;9.979439;
41.904352446032384;12.684050679004814;172842400;10.11238;
41.90444553942337;12.684081560802102;172843417;10.668538;
41.90454358692471;12.684113100183906;172844443;11.214744;
41.90464485814721;12.684141362361796;172845433;11.556786;
41.90474313955507;12.68416840604387;172846429;11.110277;
41.90483437437599;12.68419304840582;172847425;10.420162;
41.9049167655791;12.684213837431694;172848428;9.288489;
41.90499670795023;12.684233251270076;172849418;9.013509;
41.905070393997725;12.684253342242059;172850415;8.373195;
41.9051407138287;12.684273236859523;172851423;7.623361;
41.90520156302323;12.684316822329892;172852450;7.7963977;
41.9052412721716;12.684402042035122;172853439;8.163593;
41.90528505998569;12.68449020834176;172854426;8.636302;
41.90533563757857;12.684578630353512;172855453;9.114869;
41.90538686482453;12.684664238807994;172856416;9.145432;
41.905448721771215;12.684747433695026;172857423;9.761771;
41.9055122287891;12.684839404560277;172858429;10.306665;
41.90557701510687;12.684938419926036;172859431;10.8445215;
41.90564065598048;12.685045085413462;172900405;11.214172;
41.905707082305824;12.68515723622952;172901444;11.844548;
41.90577318458365;12.685279333329607;172902440;12.386973;
41.90584139295207;12.685406130133734;172903436;12.944355;
41.90590732467298;12.685543330961075;172904379;13.371506;
41.90597792224205;12.68567982997894;172905409;13.744242;
41.90604995885824;12.685819257570666;172906440;14.047313;
41.906120673933295;12.685957679489492;172907418;13.896093;
41.90618847844899;12.686084467827916;172908424;12.872318;
41.90626851054692;12.686195640518898;172909432;12.771441;
41.906361256008175;12.68628432276686;172910428;12.69183;
41.90646367946016;12.686349773097676;172911421;12.68889;
41.906573280040085;12.68639690889842;172912428;12.765816;
41.90668211468751;12.68644342030274;172913440;12.711537;
41.90679099587078;12.686491628100441;172914424;12.805373;
41.90689466113595;12.686564120674603;172915431;12.928944;
41.90699205624946;12.686652752534071;172916434;13.062283;
41.90707322485688;12.686761659387486;172917431;12.722194;
41.9071311149106;12.686889020601456;172918405;12.284341;
41.907152215261995;12.687034319475496;172919419;12.034466;
41.9071361231186;12.687178823991825;172920399;11.929051;
41.90709854819248;12.687313310400807;172921432;11.924801;
41.90705241336667;12.68744078487017;172922410;11.8349905;
41.90699968978332;12.687566449893856;172923447;11.853614;
41.906941233093576;12.68768582219456;172924424;11.775103;
41.906876583585024;12.687795177572346;172925433;11.598101;
41.90680743556484;12.687895820662941;172926407;11.316581;
41.90673944789842;12.687982592169938;172927415;10.412548;
41.90667154896483;12.688056310556338;172928409;9.692389;
41.9066021084002;12.68811892039859;172929433;9.309947;
41.906532530043606;12.688170866349436;172930398;8.848292;
41.90646808010763;12.688219310034503;172931463;8.231082;
41.906410362823536;12.688259918528733;172932423;7.21366;
41.906360349507814;12.68829137141674;172933393;6.1205597;
41.90630363635744;12.68834122289714;172934438;7.556583;
41.906250709278915;12.688401821602792;172935454;7.7134132;
41.90619891185078;12.688471097068165;172936423;8.130825;
41.906144954639345;12.688545899632512;172937403;8.592769;
41.906087186496656;12.688625222203234;172938398;9.097835;
41.90602552492109;12.688707205477671;172939401;9.543671;
41.90596401950896;12.688795320568053;172940422;9.961834;
41.905900181691926;12.688887117671031;172941393;10.3903675;
41.90584017421261;12.688972891488634;172942416;9.737768;
41.90578165487816;12.689058281444051;172943431;9.443909;
41.905720674921106;12.689139275717235;172944417;9.566588;
41.905658277016016;12.689219560045249;172945424;9.626056;
41.90559363752294;12.689296242716754;172946428;9.616603;
41.905524731942606;12.689363166916893;172947427;9.508449;
41.9054540151307;12.689421567401066;172948393;9.263589;
41.905383845696804;12.689473041326696;172949411;8.96644;
41.90532090617295;12.689513831006145;172950413;7.777017;
41.905265973273394;12.689548398132976;172951453;5.678647;
41.90519327035124;12.689596274631302;172953388;4.0291934;
41.90514027001099;12.689653352635514;172955428;3.697234;
41.90516277690958;12.689734627042098;172957413;3.9807222;
41.905208962107665;12.689821840428268;172959420;4.59552;
41.905244793102916;12.689890247949307;173001424;3.2450376;
41.90527295746225;12.689948207682312;173006424;1.2499875;
41.90529679587351;12.690016669148958;173017426;1.7374669;
41.905324852189835;12.69007564522289;173020437;1.7518493;
41.90536112185019;12.690134781068142;173027485;1.7363836;
41.90539092916023;12.690196887147623;173034425;1.2113947;
41.905422246956995;12.690268560189628;173039406;2.0924096;
41.905449675952404;12.69032512066688;173044412;0.87483776;
41.905475523803695;12.690377564807553;173047433;1.9456115;
41.90550856918837;12.690446558777403;173050435;1.7847577;
41.90554269042853;12.690528982148866;173110431;1.9265817;
41.90557105752704;12.690587394101392;173112433;3.2057884;
41.90560304369761;12.690652509167707;173114389;3.204043;
41.90562510150146;12.690711722235381;173116414;2.3493762;
41.90567261456183;12.690804960939474;173134373;0.0;
41.90569905845194;12.69086426349987;173143810;1.4611834;
41.90573636817872;12.690929938744198;173150819;0.9863691;
41.905781643374134;12.690991445232648;173217854;0.0;
41.9058206042659;12.69106612465913;173221822;2.9125762;
41.905856546438656;12.69113935495329;173223833;3.7893884;
41.90588217280445;12.691193047613234;173225849;1.6360756;
41.905910699331024;12.691268835511085;173233827;2.2093241;
41.90593612637586;12.691341387866759;173253857;2.0523849;
41.905972275902826;12.691426213359195;173321848;0.0;
41.90601676723353;12.691492394407339;173329846;1.2818551;
41.90604343080266;12.69154517566698;173331843;2.9841948;
41.906069488761766;12.691595832419377;173334827;1.0308769;
41.906107188262865;12.691659021570015;173337837;2.3147094;
41.90613497500577;12.691722796045353;173343858;0.9162296;
41.906194853703425;12.691737483718107;173346859;3.4594886;
41.906250432157414;12.691699277165831;173348870;3.5250962;
41.90629862675971;12.69165754338129;173350838;2.9576719;
41.906338961614836;12.69162261838972;173352849;2.4397342;
41.906394955501284;12.691573593457296;173355868;2.3447614;
41.906442122987514;12.691537863267095;173357866;3.310108;
41.906514633636796;12.691476316286854;173359849;5.0733085;
41.906554176261025;12.691444030971136;173400852;5.1221657;
41.90663128259448;12.691380807151742;173402841;5.0524526;
41.90667496798209;12.691345810004638;173403865;5.595494;
41.90672163267054;12.691304989201901;173404843;6.2128444;
41.906769776029215;12.691264742652088;173405864;6.1336184;
41.90681959429187;12.691223868795905;173406848;6.350617;
41.906867122690144;12.69118405849479;173407832;6.17042;
41.90691414791852;12.691142047915731;173408870;6.159549;
41.90695982850697;12.691100099814793;173409833;6.114029;
41.907004750245164;12.691057312501629;173410844;6.0952244;
41.907050259837135;12.691018351873769;173411844;6.061112;
41.90709815653551;12.690979052859914;173412845;6.177173;
41.90714721770318;12.690939584367785;173413858;6.3359356;
41.9071955317387;12.690900904804097;173414887;6.1300135;
41.907244895102465;12.690861571630359;173415861;6.3600373;
41.90729910757009;12.690817093455351;173416846;6.995647;
41.90735609383252;12.690767381653654;173417870;7.5253053;
41.90741212767742;12.69071869015636;173418847;7.458554;
41.907465442919815;12.690672226782393;173419844;7.079072;
41.90751752229904;12.690627703947102;173420837;6.826035;
41.90756993032748;12.690585625037194;173421868;6.717048;
41.90761851654316;12.69054500133515;173422855;6.206649;
41.90766278643096;12.690507956389302;173423857;5.804059;
41.907706066084174;12.690471591289032;173424832;5.603128;
41.90774837721516;12.69043646642908;173425852;5.51522;
41.90779344434377;12.690399719021942;173426854;5.852426;
41.90784142028538;12.690359540016573;173427836;6.2473655;
41.90789341121443;12.690316122580372;173428859;6.756432;
41.90794957493748;12.69026775446579;173429865;7.3594284;
41.90800830684238;12.69021548335801;173430816;7.8348365;
41.908071308651515;12.690160827720517;173431818;8.294579;
41.9081378750741;12.690102735001926;173432803;8.761899;
41.90820601816373;12.690039054015534;173433825;9.2609005;
41.90827933431024;12.689976014495572;173434807;9.691685;
41.908355609979665;12.689914571185405;173435833;9.863046;
41.90842857975942;12.6898539294029;173436812;9.517941;
41.908499316014;12.689794426370199;173437810;9.289649;
41.90857122414009;12.68973409822433;173438809;9.381859;
41.908644932447416;12.689672753537959;173439818;9.607596;
41.908717459049456;12.689610619881021;173440809;9.543347;
41.90878743827919;12.689552850277972;173441837;9.1750765;
41.90885557883903;12.689495896150653;173442832;8.897314;
41.90892428566578;12.689438254403196;173443871;9.016028;
41.90899573111067;12.689377532416971;173444844;9.319881;
41.90906872359705;12.689314906185054;173445830;9.822562;
41.90914579598222;12.689247739887287;173446850;10.173154;
41.90922498740836;12.689181731402831;173447884;10.357763;
41.909303432839515;12.68911712884701;173448818;10.151907;
41.90938113946376;12.689052270404401;173449821;10.165213;
41.90946011753707;12.688987068431274;173450815;10.279874;
41.90954180745809;12.688920704510387;173451820;10.59404;
41.90962692142128;12.688854469521155;173452850;10.856612;
41.90971365220825;12.688788922289115;173453819;11.068523;
41.9098016038583;12.688724085030964;173454859;11.187583;
41.90989887517284;12.688666222361888;173455865;11.774277;
41.90999163247119;12.688604285278235;173456844;11.509685;
41.91008146370389;12.688546585151567;173457877;11.080348;
41.91016951983672;12.68849383529452;173458813;10.692545;
41.91025559145848;12.688441510841265;173459856;10.471682;
41.91034046473927;12.688387015717023;173500863;10.427596;
41.91042631632488;12.688331587925354;173501817;10.610419;
41.91051145055872;12.688275675130592;173502830;10.53417;
41.910596367434344;12.688224732013575;173503858;10.214233;
41.910678460145945;12.68817490276267;173504850;9.717535;
41.91075593276746;12.68812373152804;173505842;9.583776;
41.91083115021067;12.68807350446429;173506865;9.292578;
41.91090415041098;12.688027218886923;173507841;8.999188;
41.91097360212248;12.68798085238408;173508843;8.633674;
41.91104165802532;12.687939840089866;173509845;8.316923;
41.91110843160171;12.687897951005523;173510836;8.183832;
41.911174331881305;12.687854913778736;173511839;8.181403;
41.911239706951996;12.687811334968634;173512879;8.117688;
41.91130442308971;12.687769508704674;173513839;7.984059;
41.911365399366254;12.687726618346282;173514842;7.650075;
41.91142532614699;12.687692220131536;173515829;7.2231107;
41.91147907860409;12.68766091086697;173516840;6.5028563;
41.91152917289546;12.687627793491957;173517854;6.2215495;
41.91157718024125;12.687596908873633;173518855;5.918858;
41.91162475661273;12.687567376476872;173519862;5.8210416;
41.911673006870146;12.68753488694967;173520863;6.013054;
41.91172602638944;12.68750177100377;173521853;6.436795;
41.9117822259664;12.687465910297853;173522857;6.9045463;
41.91183993008174;12.68742870885476;173523886;7.0744953;
41.911898836396404;12.687391050052577;173524864;7.2142024;
41.911959267073726;12.687352333439954;173525843;7.7369204;
41.91202791930765;12.687311097916247;173526841;8.335699;
41.91210006828819;12.687264323590291;173527854;8.903964;
41.91217307790813;12.687216236821367;173528848;9.020435;
41.9122454815453;12.687170778939917;173529848;8.813774;
41.91231262211544;12.68712848140355;173530853;8.2431345;
41.91236898100539;12.68709547342086;173531865;6.816771;
41.9124156913749;12.687072483510542;173532863;5.5268407;
41.91246142884366;12.687052256288492;173533845;5.2018666;
41.912506685556664;12.68707745959586;173534860;5.338338;
41.912545377449334;12.687135592505145;173535849;6.1300225;
41.91258608168956;12.687199231296464;173536860;7.589429;
41.91262300717346;12.687292002466746;173537845;8.28466;
41.91266149937806;12.687395391071076;173538864;10.293579;
41.91270532658544;12.687517799281657;173539823;10.805039;
41.91275753133667;12.687641082614514;173540861;11.510685;
41.91280897823341;12.687768296427762;173541874;11.86069;
41.912861642516624;12.687896551393855;173542852;12.255375;
41.912917919497254;12.688026958330745;173543831;12.362009;
41.9129748629932;12.688153455181316;173544862;12.270389;
41.91303199404079;12.688279583982974;173545846;12.201472;
41.91308887931331;12.688407883384576;173546832;12.2513685;
41.91314416329937;12.68853658273076;173547870;12.296261;
41.91319935131079;12.688665922611396;173548851;12.345741;
41.91325088583812;12.688792123274443;173549870;11.955101;
41.91329962315319;12.688908791500786;173550846;11.045306;
41.913344150025175;12.689011357130424;173551843;9.808719;
41.913382967107104;12.689097680670303;173552826;8.337392;
41.913409898477816;12.689163673452246;173553841;6.177556;
41.91343840894553;12.689246591595861;173555857;1.9247215;
41.91338699142979;12.689286431119205;173558847;2.7720213;
41.913352260348546;12.689325188965174;173601839;1.472463;
41.913361755976474;12.689254251717891;173607871;2.4360616;
41.91340956900366;12.68927919983969;173648855;1.0526421;
41.913459005075936;12.689257602278158;173657843;1.0345488;
41.91350507044903;12.689285454948578;173702791;1.1999719;
41.913547017076425;12.689341119312505;173713798;0.89789253;
41.91365964838827;12.689302266933572;174825832;0.10525207;
41.913681330525755;12.68936957083008;174945829;0.17650026;
41.91365767614239;12.689240269556862;175026842;0.0038832866;
41.91347851767733;12.689702872907775;175053830;0.008278304;
41.913491163509505;12.689642787410374;175104838;0.4912765;
41.91350657323375;12.689583370905897;175107808;0.50893956;
41.913523611673206;12.689507843327528;175110813;0.52442735;
41.91353550622023;12.68944547265155;175114836;0.36876935;
41.91344880813788;12.689458595348626;195851709;0.5939529;
41.91350433732554;12.68943929683317;195907648;0.035015505;
41.913547019885925;12.689403605432007;195912663;0.014819629;
41.91349624829108;12.689399574201452;195937679;0.822042;
41.91345065823063;12.689404700374865;195941707;1.0550381;
41.91341280509914;12.689358240728753;195946695;1.0435138;
41.913375417697466;12.689315280927163;195950738;1.0238268;
41.91332523110992;12.689304106619563;195956718;1.0077564;
41.91337839461393;12.689270769802606;200046744;1.1361401;
41.913435045439;12.689282411984507;200052742;1.0709529;
41.913469822910216;12.689337194546178;200054739;2.12214;
41.91351796183029;12.689432527025541;200056749;3.204433;
41.91354653950384;12.68949835068428;200057738;3.5656219;
41.91357567961824;12.689565274557822;200058699;3.8829286;
41.913608642988905;12.689641193093399;200059686;7.181625;
41.91364493326208;12.689724307830119;200100654;8.235081;
41.913689597485316;12.68981613493873;200101683;8.601137;
41.91373701815281;12.689913075301261;200102718;9.158;
41.91378507111791;12.690015786828717;200103674;9.596524;
41.91383267649218;12.690120297463979;200104718;9.941925;
41.913880859029284;12.690223659490082;200105681;10.002758;
41.913928614407574;12.690324011863867;200106676;9.801014;
41.913975377302336;12.690425148684316;200107683;9.775608;
41.91401571890843;12.690533330016075;200108695;9.964849;
41.914038835469164;12.690652188954987;200109715;10.046201;
41.91404307436173;12.690774960327074;200110683;10.124777;
41.91403823803004;12.690896236746994;200111779;10.053741;
41.91403290814966;12.691019100722615;200112685;10.227735;
41.91402716911339;12.691140060275222;200113662;9.9643345;
41.91402339034239;12.691260927030973;200114676;9.989143;
41.91403586978233;12.691380804276413;200115693;10.101827;
41.91405724918417;12.691498235207636;200116673;10.063022;
41.91408966578259;12.691610687252444;200117680;9.990362;
41.914128959773734;12.691717701914108;200118695;9.838239;
41.91417276806534;12.69181875302279;200119699;9.725456;
41.91421386537952;12.69191414416817;200120687;9.056857;
41.91424476360424;12.692007654304428;200121703;8.413087;
41.9142570052168;12.6921047778252;200122683;8.121773;
41.914246937948626;12.692202908596139;200123674;8.208457;
41.914215440602376;12.6922948169236;200124678;8.321409;
41.914170518440855;12.69237775757309;200125707;8.412856;
41.91412794017086;12.692458720940234;200126673;8.167969;
41.91409266951446;12.692542040131997;200127696;7.9199185;
41.91407411719255;12.692632259179634;200128684;7.753654;
41.91407543709329;12.692728661481734;200129678;7.9946394;
41.914078555587174;12.692826713593929;200130739;8.295577;
41.914119330452756;12.692917306684768;200131681;8.628652;
41.91416318273251;12.693007836255553;200132685;9.104513;
41.91422851379443;12.693086528688438;200133680;9.429915;
41.91429465127831;12.693170543988366;200134679;9.935182;
41.91436316712384;12.693258920100044;200135720;10.462293;
41.91443376094165;12.693352450433313;200136679;10.9691305;
41.91450647030671;12.693446820732126;200137707;11.127444;
41.91457827178812;12.693541964639653;200138656;11.10454;
41.91464817121758;12.693635667366754;200139670;10.94575;
41.91471580044191;12.69372979431328;200140681;10.793275;
41.91478444076543;12.693817958138421;200141682;10.503297;
41.91485271326586;12.693891070827101;200142680;9.800349;
41.914925279212795;12.693938849175966;200143659;8.990313;
41.915003479911654;12.693958372710519;200144683;8.674901;
41.91508518449438;12.693958858284303;200145680;8.882495;
41.91516745686884;12.693935321642678;200146668;9.224014;
41.9152521286413;12.693901694877892;200147692;9.643773;
41.9153360239426;12.693869543105201;200148679;9.708421;
41.915419033833516;12.693833730777296;200149668;9.623013;
41.91549848308463;12.693806176018802;200150673;8.999911;
41.915574397550934;12.693782930488206;200151684;8.541163;
41.915644060877845;12.693754467543357;200152662;7.991557;
41.915704333050066;12.693701715615392;200153667;7.81652;
41.91575451600971;12.693624503173044;200154682;8.3554945;
41.915793757704705;12.693533978717362;200155691;8.679059;
41.91583252522403;12.693443397522834;200156676;8.650935;
41.91587975190789;12.693360096690546;200157684;8.623872;
41.915942568822565;12.693295809079968;200158687;8.7310705;
41.916019694681836;12.693255750492249;200159675;9.089031;
41.916103575868725;12.693228030795693;200200706;9.450123;
41.91618909337662;12.693198257469101;200201712;9.828291;
41.91627790082453;12.693166794200128;200202685;10.249466;
41.9163702654355;12.69313516793217;200203710;10.590914;
41.91646728122886;12.693105155738328;200204687;10.905707;
41.91656457400439;12.693073159113855;200205733;11.144394;
41.91666270404229;12.693039921935526;200206718;11.306617;
41.91676244487027;12.693003456215706;200207727;11.5151005;
41.91686479668996;12.692965814168007;200208707;11.783805;
41.916969599004474;12.692927334799265;200209692;12.032637;
41.9170757235806;12.692887746197764;200210728;12.233288;
41.91718343993292;12.692846836365868;200211735;12.428316;
41.917291199953205;12.69280579743223;200212717;12.459316;
41.917396742667464;12.69276612552204;200213731;12.195507;
41.91750256200219;12.692726607692496;200214714;12.18288;
41.91760875194271;12.692688126015277;200215714;12.225828;
41.917715402248376;12.692648726676948;200216721;12.2599535;
41.91782219735941;12.692606553396045;200217724;12.380426;
41.91793040847457;12.692562622921324;200218732;12.56252;
41.91803923078271;12.69251763875788;200219688;12.64305;
41.91814573770835;12.692474158682861;200220712;12.3693495;
41.918251185382026;12.692430504428877;200221746;12.197646;
41.9183560609329;12.692386032468331;200222727;12.191058;
41.918458300264476;12.692343478188958;200223683;11.91197;
41.91855841989694;12.69230216822079;200224721;11.61072;
41.91865558676003;12.692262716016302;200225735;11.257262;
41.918749343260124;12.692223029095834;200226724;10.914456;
41.91884108056552;12.692184466883218;200227717;10.650053;
41.918931517554974;12.692148285888974;200228750;10.471563;
41.91902249450556;12.69211261964236;200229717;10.509413;
41.91911399030864;12.69207430837234;200230722;10.59678;
41.91920330984227;12.692037893722706;200231732;10.408956;
41.91929268666765;12.692003209649094;200232724;10.313452;
41.91938213416064;12.691966145476407;200233746;10.367979;
41.91946965330711;12.691929902848035;200234714;10.153259;
41.919554484246625;12.69189501848826;200235689;9.820971;
41.91962710094324;12.691864988265836;200236738;8.424292;
41.9196865086154;12.691839344714241;200237737;6.913364;
41.919734630382244;12.691815872681;200238719;5.7019105;
41.91980828750501;12.691784303269845;200240714;4.047604;
41.91989184899002;12.691754165860866;200242718;5.227671;
41.9199451045409;12.691732384142075;200243731;6.1628165;
41.91999931699402;12.691711926507304;200244719;6.2252455;
41.92004598513474;12.691693373661558;200245726;5.3869357;
41.920117614494515;12.69166600595082;200247707;3.5174968;
41.92008110123262;12.691622922148387;200338696;0.84126943;
41.92004301330887;12.691576996210886;200350733;0.9368963;
41.92003034965557;12.69143293813773;200422689;0.0;
41.92003182149684;12.691371650409922;200438702;0.9219785;
41.92003609069039;12.691294698935325;200442702;1.6279624;
41.92002739814692;12.691213061431517;200446714;2.3505778;
41.920017663173425;12.691148876377042;200449702;1.7355186;
41.91999673484806;12.691091299759611;200451678;1.9951427;
41.92011422683701;12.691444388649673;200702668;0.0;
41.92011422683701;12.691444388649673;200858680;0.0;
41.920049468070744;12.6914345570282;200929704;0.051134832;
41.919938626875236;12.691409161694317;200954685;0.5142695;
41.91992394791427;12.691469156141494;200957699;0.29172832;
41.92004582234441;12.691573857266961;201010698;0.060180932;
41.92001389280581;12.691531256773956;201022684;0.7607565;
41.91998363527192;12.691483816547194;201029672;0.3754533;
41.919980245904384;12.691416271496719;201054692;0.0030394015;
41.919972602979;12.691476933036382;201218686;0.43693736;
41.9199844689453;12.691548998371129;201244693;0.63041425;
41.91998396880589;12.691613619675637;201249676;0.9644201;
41.91999839071826;12.691543327380023;201411705;0.25997895;
41.92004730188991;12.691546183580293;201842703;0.013461996;
41.92000136789039;12.69155099583448;201947694;0.22169048;
41.91997439088286;12.691496857577546;202007694;1.2240274E-4;
41.919960660177786;12.691437688774968;202016691;0.041916747;
41.919910093959274;12.691421427529079;202049680;0.37935412;
41.9198636564063;12.691411422419897;202151693;0.00738738;
41.91981676430122;12.691412119083044;202258707;0.19585884;
41.91986341712612;12.691386800220267;202324698;0.19886538;
41.92000852378595;12.691374583538034;202352683;0.0;
41.92010070320362;12.691453507491188;202446716;2.0738789E-4;
41.92004615865575;12.691457013711698;202520677;0.007474029;
41.920095099591315;12.69167728672811;202532676;0.12036117;
41.920076945350246;12.691621543647704;202604721;0.18713714;
41.9200287168981;12.691626192766845;202620674;0.5965198;
41.91999662363125;12.691668820249015;202627676;0.64549094;
41.919955546365934;12.691702763877354;202634685;0.6997719;
41.91996979223397;12.691638288423785;202706691;0.23334646;
41.91998668322879;12.691570859704207;202712689;0.00893558;
41.9199816240525;12.691503668995193;202715710;0.22886463;
41.919972264301165;12.69143524497678;202812687;0.14230166;
41.91996017976247;12.691494819109355;202829701;0.24910522;
41.91991427451898;12.69149613859114;202842686;0.11381837;
41.91996192344157;12.691550216966956;202850679;0.04532828;
41.92001937101366;12.691583488938317;202852684;0.11210271;
41.91997464374889;12.691614539692328;202913677;0.233799;
41.919930922580676;12.69159812228805;202924690;0.22051091;
41.91990227006947;12.691542290402111;202932704;0.5127215;
41.91989316029073;12.691480333203701;202941680;0.4969595;
41.919869699466254;12.691534018229326;202944684;0.5405407;
41.91981442899637;12.691526281282435;203020686;0.69516635;
41.919808012248374;12.691589629552592;203029701;0.10318481;
41.91984262412659;12.691510537020351;203038690;0.20856655;
41.9198981093279;12.691476998728685;203040686;0.23141073;
41.91994275042309;12.691498623725678;203045687;0.4050879;
41.91990436299918;12.69153617349864;203121683;0.24608818;
41.91985688146654;12.691509350239206;203128688;0.74234897;
41.919806029582304;12.691478935426524;203133696;0.7627971;
41.91982912390682;12.691595702400013;203155686;0.6673072;
41.91979289106793;12.691553232876359;203201684;0.69574934;
41.91990124378267;12.691482878651083;203225673;0.48732892;
41.9199510516548;12.691507228801232;203231691;0.08990387;
41.91998460460809;12.691553458753328;203256698;0.09854588;
41.92000281276873;12.691611474271916;203408696;0.6125086;
41.920029703717375;12.691558231738016;203424692;8.4797764E-4;
41.92002701734546;12.69149124324794;203519677;0.23458299;
41.919988035058864;12.691453476223955;203530681;0.27173096;
41.919962293833734;12.691507591838239;203618698;0.11200863;
41.91992093495335;12.691471598950116;203634700;0.42779407;
41.91995961833769;12.69143840802747;203727712;0.025694838;
41.91996676801025;12.691377251041295;203816694;0.23840235;
41.91999915580015;12.691419946542874;203830694;0.21328685;
41.919974283767765;12.691365033980077;203904686;0.73408026;
41.91991972906629;12.69135772185735;203910686;0.53214926;
41.919889658356205;12.691413034573392;203948697;0.5888708;
41.919846120232684;12.691442088700404;203957693;0.7150289;
41.91984890842414;12.691503495625746;204008706;0.6650819;
41.91989524215427;12.691493996973755;204019706;0.030191641;
41.919907846788035;12.691224350061002;204056714;0.11764434;
41.91994866003318;12.691268452842678;204122728;0.0013698449;
41.91994347983096;12.691328834437641;204153696;0.02800739;
41.91993501734021;12.691399594526748;204217694;0.164457;
41.91995742743266;12.691528877447256;204403685;0.3863363;
41.91993664728332;12.691601443299193;204516676;0.042330816;
41.91998712676614;12.691607977459547;204525677;0.23200743;
41.91997325525051;12.691667998510157;204554692;0.6793664;
41.91995531682325;12.691731777358825;204601685;0.68527704;
41.91993958352875;12.691789704733036;204605691;0.80048025;
41.919959239821395;12.691689477005578;204608693;0.84300023;
41.919960176021945;12.691614260127093;204632701;0.081519365;
41.91996523344685;12.691531071654708;204646699;0.35953665;
41.91997587569454;12.69146769705432;204700708;0.17603911;
41.920021991431135;12.690863753676888;204814687;0.18586108;
41.91998231683526;12.690920740229496;204818671;0.018081473;
41.91997231675079;12.690988992762092;204830698;0.016719867;
41.9199618933539;12.691090940245076;204832681;0.1851672;
41.919946151072274;12.691181450989955;204834708;0.0928327;
41.91993508605022;12.691242668398363;204837693;0.25350773;
41.9199388079266;12.691304130470797;204905690;0.12892294;
41.91992892300053;12.69136559426507;204927696;0.26791596;
41.91991815388177;12.69142485017965;205008693;0.075681455;
41.91988513372902;12.691238050664643;205128687;0.02988467;
41.91984174368277;12.691258141528845;205145711;0.50762093;
41.91979621699817;12.691283074627307;205201691;0.3199204;
41.91984631713316;12.6913045799245;205244716;0.09998068;
41.91989262270202;12.691304407543674;205303696;0.23200853;
41.919907117314324;12.691361767956344;205344698;0.06898858;
41.91990136381332;12.691422365885398;205404693;0.28387058;
41.91993031809556;12.691376204426078;205637700;0.046740122;
41.92002419593222;12.691455258663005;205851680;0.20254824;
41.9199843917648;12.69148374479324;205943696;0.02200486;
41.919964684096186;12.69154197122718;210021694;0.053979233;
41.92000849466864;12.691559609337757;210103707;0.2051683;
41.91996374909717;12.691534362831838;210149689;0.20140558;
41.91991772266341;12.691537332957248;210256694;0.4446919;
41.91987653037478;12.691569239328885;210306700;0.27911577;
41.91976445344765;12.691663077038234;210438695;0.0030798353;
41.91979880214811;12.691614563260574;210448687;0.006269439;
41.91991174522313;12.691702871475435;210511651;0.015201361;
41.91990053813089;12.691641239407696;210525667;0.032728385;
41.920134586634326;12.691177910836613;210601703;0.019008247;
41.92010674090488;12.691233373102728;210606703;0.2239637;
41.920045218262594;12.691292752794274;210628691;0.3202725;
41.91948837705139;12.691098336383028;210644698;0.18607013;
41.920004096540644;12.691363574952764;210711689;0.004939132;
41.920000809425986;12.691432045019125;210737692;0.19369248;
41.9199649226945;12.691475656578215;210749684;0.20319963;
41.9199181404218;12.691396893498426;210938689;0.005995917;
41.91908658499479;12.691081472504333;211028691;0.0012160528;
41.9196753020115;12.691056229170943;211055689;0.15370703;
41.91971776970476;12.691091461582582;211133720;0.22107597;
41.919739683442124;12.69114627970387;211158647;0.001493007;
41.91976874230426;12.691197062229339;211236693;0.15725707;
41.919835025429805;12.69131695820438;211304693;0.01498913;
41.91985053781455;12.691378392023543;211521698;0.030141776;
41.91987995422773;12.691428822082685;211616670;0.16574155;
41.91990207763553;12.69137416657641;211919690;0.30473807;
41.91988378087444;12.69142948023701;212009689;0.05923981;
41.919915864161894;12.69147970787325;212030690;0.19602409;
41.919952168156186;12.691526884232436;212039719;0.3179383;
41.91989476118414;12.69149114380004;212113700;0.2541064;
41.91985618870242;12.69153249074361;212157687;0.09220346;
41.91989242379877;12.691577006505849;212205684;0.27754107;
41.91989491583245;12.691515360979816;212222690;0.21377718;
41.919875401384694;12.69145834807568;212232686;0.4149588;
41.91986647417589;12.691397537669856;212254697;0.052653432;
41.919843907857995;12.691332803768399;212303694;0.470836;
41.919795993994576;12.691291497109193;212311695;0.34671557;
41.91981337503286;12.691353428053855;212323687;0.4353055;
41.91984168631825;12.691430284172329;212327674;0.3611878;
41.919865966808096;12.69148791107589;212332685;0.42198282;
41.919900290432814;12.691540205451812;212339695;0.40567404;
41.919920072864755;12.691595110400725;212347687;0.39565286;
41.91995607058737;12.691633160753987;212355681;0.52790123;
41.91999217365407;12.6916742578263;212404684;0.38929373;
41.919945393185266;12.691674442650767;212517685;0.030516818;
41.919976303595746;12.69162976088607;212540672;0.32322004;
41.91993224884838;12.69159995434375;212608694;0.04257628;
41.9199455788824;12.691660155321133;212618673;0.07557396;
41.91996338936197;12.69172226494325;212646679;0.41385353;
41.92000488281035;12.69169392989664;212708681;0.32662195;
41.92004072160065;12.691744527449474;212716679;0.7619824;
41.920064484289014;12.69179908329939;212723682;0.7738608;
41.92005594542264;12.691737827162514;212747676;0.017868934;
41.92000850949137;12.691697490190531;212801684;0.03896651;
41.91996028029602;12.691693081549447;212839693;0.0020428044;
41.9200138837541;12.691708320900538;212911732;0.060487363;
41.92005770982813;12.6917514321677;212925662;0.45386595;
41.92001970666368;12.691690477972818;212929670;0.7808185;
41.91990545019583;12.691281529094317;214209667;0.11027668;
41.91993273167309;12.691336021093065;214214705;0.026653424;
41.91993914247596;12.691407005059823;214216664;0.15177573;
41.919984196464036;12.691294471508726;214655714;0.048304178;
41.91996040434764;12.691346230873247;214702686;0.035095673;
41.91992048146969;12.691380756838184;214725645;0.2011611;
41.919964508042426;12.691404153749774;214747727;0.1616639;
41.91996104824886;12.69175215485183;214909625;0.25873;
41.919928529530544;12.691686789025912;214916669;0.25262237;
41.91989768338647;12.691642176443043;214927691;0.008991894;
41.919942842585186;12.691386511182614;215445659;0.0074903425;
41.91997984002714;12.691430395380102;215453693;0.27497527;
41.92002348367291;12.691453330710832;215504648;0.4456955;
41.920011417222184;12.691374328452065;215520690;0.0033168597;
41.919990885689174;12.691447774332511;215536681;0.06176345;
41.91994861407136;12.691469279956763;215554679;0.0017609705;
41.91990535606811;12.691452404538222;215609671;0.017484615;
41.919867441450336;12.691396334200592;215845640;0.6269278;
41.919913156520415;12.691397268869565;215927707;0.069089696;
41.91994425186703;12.69144108307935;215958674;0.2322043;
41.91995767051413;12.6912733356347;220323001;0.6483689;
41.92002184312114;12.691285273286262;220325016;0.7168823;
41.92007303573097;12.69128283503443;220329029;0.6733923;
41.92008721378248;12.691357779167067;220332058;0.37252665;
41.92009606152545;12.691417644766076;220333069;0.32563755;
41.92012197208801;12.691481462251236;220339026;0.35846022;
41.9201245292715;12.691552883424361;220346025;0.4764594;
41.92013406709513;12.691615497793938;220354006;0.94397557;
41.92013546810124;12.691684344192243;220400083;0.94436955;
41.920093976363134;12.691657733730333;220418062;0.02329804;
41.92015545825973;12.691668361071171;220500028;2.092848;
41.92021207677227;12.691619146102227;220501062;3.7301095;
41.92027744019496;12.691582821772723;220502040;4.7324924;
41.92033446791236;12.691561760154915;220503022;5.2317185;
41.9203914543172;12.691528191397001;220504006;5.593557;
41.92044100705691;12.69150532557197;220505031;5.179211;
41.9204924309519;12.691480361717165;220506027;4.244426;
41.92051533359788;12.691352811799506;220508015;5.4762754;
41.92050548074514;12.691275979434984;220509004;6.479601;
41.92049609003457;12.69120169423442;220510003;7.5775785;
41.92047227847921;12.691117084767068;220511022;8.48478;
41.9204440368388;12.691008266332107;220512040;9.089355;
41.92041529763168;12.690903711033187;220513025;8.792915;
41.92039728540852;12.690804071939828;220514015;8.616506;
41.920374552300906;12.690716432846218;220515213;7.920867;
41.920328585578076;12.690546592895213;220517072;6.8402624;
41.92030508822736;12.690468713771013;220518064;6.5069747;
41.9202836876083;12.690397171891686;220519083;6.127371;
41.92026547117635;12.690338912387878;220520038;4.1361895;
41.92024151919877;12.690264198730786;220522075;2.563618;
41.92020503775317;12.690223282707777;220524056;2.8738494;
41.92014247240534;12.690217148650444;220526045;3.5347598;
41.92005856072969;12.690264790076158;220528081;5.441209;
41.920003675112284;12.690289384751514;220529039;6.4476914;
41.919942258366135;12.69031603013642;220530081;6.9779677;
41.91987707485308;12.690335529895556;220531009;7.4596934;
41.919810283694716;12.690367945670577;220532032;7.757627;
41.91974034278954;12.690400777753155;220533010;8.063354;
41.91966924204551;12.690434988006832;220534021;8.436488;
41.91959321798142;12.690459661394005;220535084;8.588487;
41.919517070100305;12.690493738069677;220536080;8.897494;
41.919434650135855;12.690525215950132;220537084;9.505844;
41.919348053241045;12.69056171882102;220538032;10.040846;
41.91926414798649;12.690595205868165;220539080;9.792507;
41.919177736526414;12.690627327363456;220540031;9.9251375;
41.91908951349508;12.69066757344579;220541034;10.298325;
41.91900209365294;12.690705336289772;220542067;10.304397;
41.918916345863906;12.690741624918356;220543043;10.079742;
41.918834358513394;12.690775668307904;220544082;9.460468;
41.918757595470154;12.690806081252626;220545097;9.00313;
41.918680575431885;12.690836925200221;220546085;8.969754;
41.9186014217225;12.690870214195748;220547074;9.100657;
41.91852152886767;12.690904541476687;220548031;9.538005;
41.91844001976916;12.690943948537802;220549065;9.620786;
41.9183550203446;12.690979401708844;220550079;9.917794;
41.91826767180726;12.691014666812627;220551100;10.120629;
41.918178565975275;12.691048586311554;220552021;10.366619;
41.918088452193196;12.691089192564148;220553037;10.524614;
41.91799896956153;12.691127807049712;220554080;10.379036;
41.91791264313958;12.691166796881948;220555056;10.1372175;
41.917832600343736;12.691200963550225;220556070;9.310552;
41.917757375788455;12.69123860473707;220557058;8.836095;
41.91768423307832;12.691263984108526;220558065;8.347152;
41.91761359021393;12.691288717344086;220559068;8.105371;
41.91754637613254;12.691313365836852;220600089;7.7332234;
41.91749248179263;12.691335452104825;220601076;6.2949314;
41.917419849433756;12.691377625142392;220603047;4.1688204;
41.917387433504224;12.691476640319214;220605088;4.9712553;
41.91739135547674;12.691543361664463;220606076;5.870702;
41.917404652175506;12.691622266276372;220607098;6.8369727;
41.917423437617494;12.691706144834475;220608092;7.5437875;
41.91744406255321;12.691798408009788;220609033;8.194175;
41.917466806991676;12.69189688366802;220610035;8.710909;
41.91748922043408;12.691998099706353;220611012;8.763251;
41.917510913550096;12.692089957146528;220612012;8.04921;
41.91753157526279;12.692171920641297;220613033;7.1998844;
41.91755348499664;12.692250199878705;220614029;6.739782;
41.91757461028673;12.692322460709782;220615029;6.515703;
41.917594597379185;12.692392364039911;220616019;6.246018;
41.917612211237156;12.69245744634673;220617033;5.812025;
41.91763602036278;12.692558254571985;220619073;3.9484935;
41.917645467758284;12.692620838923412;220621084;2.4920514;
41.917609378462195;12.692689641768371;220623045;4.0380983;
41.91753008046838;12.692745234856424;220625094;5.6421576;
41.91747838028104;12.692764691959374;220626074;6.288222;
41.91742236298441;12.692790269066618;220627075;6.726455;
41.91735526143212;12.692810753580137;220628059;7.582999;
41.91728150952298;12.692834224007516;220629105;8.361973;
41.91719965198271;12.692857089082562;220630065;8.918866;
41.91712261209943;12.69289246190946;220631082;9.013648;
41.91704290179035;12.692924616759372;220632068;9.137849;
41.91696007793959;12.692956703541052;220633086;9.575797;
41.91687326197041;12.692988932291017;220634099;10.011537;
41.91678393007546;12.693021508590128;220635080;10.283839;
41.916692015045655;12.693048354649175;220636074;10.293183;
41.91659890590728;12.693069475363227;220637065;10.289533;
41.91650548562003;12.69308045766944;220638071;10.2985;
41.916413218487975;12.693091529223391;220639077;10.131115;
41.91632344932115;12.693107219378847;220640053;10.105714;
41.91623508438118;12.693130440438917;220641093;9.916225;
41.916150034792224;12.693158451625004;220642044;9.667675;
41.91606817004234;12.69319250310446;220643077;9.479469;
41.91599051813427;12.693239491157978;220644086;9.475252;
41.915915031859164;12.69329022332342;220645064;9.267558;
41.91586016885571;12.693373944339555;220646015;9.253096;
41.915814974516564;12.693463172924552;220647061;9.033454;
41.9157711549979;12.693551689235667;220648059;8.65654;
41.915735186069035;12.693630410874158;220649064;7.8179255;
41.91568990464727;12.693696641157757;220650076;7.548253;
41.91563161881435;12.69374259884504;220651076;7.540588;
41.915571480008225;12.693787658303615;220652082;7.825185;
41.91550190021301;12.69381454491679;220653058;8.024931;
41.915430014177005;12.693841199080452;220654057;8.40635;
41.915352485397186;12.693867607307972;220655052;8.787332;
41.91527238857291;12.69389352904881;220656089;9.026802;
41.91519099021242;12.693917952232203;220657069;9.151207;
41.915112378736026;12.693938785675913;220658060;8.918124;
41.91503321496488;12.693941727566335;220659077;8.683863;
41.91495683981488;12.693927509078945;220700074;8.574982;
41.91488171745784;12.693912872056769;220701072;8.388898;
41.91481514553679;12.693866114172323;220702073;8.3486805;
41.9147553412651;12.693799846891752;220703076;8.752725;
41.91469637115797;12.693718497383452;220704066;9.1454525;
41.91463573341667;12.69363524459983;220705068;9.570062;
41.914573176766815;12.693543665547578;220706036;9.992835;
41.91450857840956;12.693451557039813;220707066;10.353425;
41.914444838924744;12.693360317219776;220708095;10.29989;
41.91438439776669;12.69327282835765;220709075;9.885466;
41.914326154594;12.693190785646868;220710042;9.344474;
41.914270408929234;12.693114710127276;220711102;8.849134;
41.91421759158068;12.693038699591042;220712069;8.488983;
41.91416729823398;12.692966060082224;220713069;8.157532;
41.91411815615354;12.692893485858464;220714074;8.047628;
41.914089567063655;12.692803048553989;220715085;8.07522;
41.91407793938979;12.692702660760407;220716082;8.277797;
41.91409035387872;12.692599485805523;220717078;8.316476;
41.9141210903316;12.692504249890028;220718071;8.253457;
41.91416158166045;12.692421223105088;220719062;8.120388;
41.914205676653644;12.692342946391204;220720059;7.9170713;
41.914243716361334;12.692263494733043;220721079;7.692057;
41.9142679075277;12.692177238247549;220722046;7.439621;
41.914290511488126;12.69209361161008;220723097;7.354157;
41.91427636561411;12.692001291918796;220724081;8.272688;
41.914235144029355;12.691909302885255;220725068;8.659711;
41.91418929315523;12.691808959336328;220726056;9.660578;
41.91414358956221;12.691698239405655;220727057;10.301584;
41.91410146686792;12.691582442642307;220728088;10.489056;
41.91406946486935;12.69146054875383;220729080;10.648506;
41.914047764912;12.691333488007944;220730058;10.640576;
41.91403824202205;12.691206266143647;220731071;10.639073;
41.914040241640656;12.691079987165809;220732077;10.46035;
41.914048650369274;12.690954862545851;220733050;10.290855;
41.914056625899406;12.690830755454071;220734084;10.267192;
41.91405882810518;12.690709591806394;220735057;9.937677;
41.914040896930224;12.69058894676297;220736066;10.165651;
41.91400476424092;12.690474689718128;220737045;10.2568655;
41.9139566502252;12.6903646827211;220738047;10.487461;
41.91390309495366;12.690256086369375;220739063;10.764191;
41.91385024987201;12.69014405799977;220740090;10.943402;
41.913798840153845;12.690033544315165;220741078;10.763657;
41.91375212403486;12.689929716362487;220742075;10.077537;
41.913707570512855;12.689829177850143;220743054;9.611377;
41.91366217498484;12.689732938810494;220744065;9.380939;
41.91361987541488;12.689637998042794;220745071;9.144721;
41.91358144205924;12.689547471481015;220746067;8.59312;
41.91354402446384;12.68946528074461;220747059;7.3436985;
41.913515545501305;12.689394081898724;220748067;6.6213574;
41.91349379844593;12.689339346548788;220749079;5.1369247;
41.91343795598003;12.689290788426149;220751061;3.4611332;
41.91337655511402;12.689299582655027;220753077;3.5473676;
41.913313987688056;12.689313905832446;220755067;3.1038656;
41.91327281286582;12.689271846629838;220808064;1.020642;
41.91331966363374;12.689287431285505;220844067;0.0;
41.91336537595891;12.689278960509903;220849065;1.020174;
41.91341019197673;12.689263663020318;220854069;0.9347979;
41.91345718161405;12.689258916534351;220901103;1.1625673;
41.91350978007869;12.689266562336211;220907072;1.0134635;
41.91353388874767;12.689323559981455;220912079;1.0366623;
41.91356282609298;12.689372724320336;220917014;0.9166259;
