41.913577131476934;12.689399580335648;081523905;0.17607422;
41.91352863786699;12.689417478195375;081528869;1.0157875;
41.91347945857694;12.68937782813607;081532919;1.2246118;
41.91344230564254;12.689320923993614;081537895;1.2180544;
41.91340335369874;12.68928098325012;081542929;1.1517959;
41.91335714224145;12.689284493822356;081546883;1.1714239;
41.91331390747989;12.689263076170409;081552907;0.061407566;
41.913359462247755;12.689278141273768;081736865;1.2883596;
41.91340112114595;12.689254914212217;081740886;0.020447534;
41.91343835128428;12.689187781325343;081752869;2.0718334;
41.91339366058772;12.689046547123057;081755883;3.8862283;
41.91331697010227;12.68887039185892;081758886;6.727087;
41.91321075015966;12.688630003407004;081801882;8.413288;
41.913087488241366;12.688351874686497;081804891;9.17826;
41.912958867197545;12.68806924063642;081807838;9.363285;
41.91281514939215;12.687761678363328;081810895;10.495317;
41.91266884112606;12.687428974264929;081813874;10.463141;
41.912563964416826;12.687182569932803;081816841;6.142711;
41.9125272353905;12.687088334573636;081819832;1.2210617;
41.912491952770154;12.687045486974016;081824882;2.7754443;
41.91236656892629;12.687083241221742;081827907;5.7675633;
41.912207122603846;12.687181387077693;081830901;7.510556;
41.911990705526634;12.687320715653158;081833876;9.575835;
41.91174145911105;12.687478752468834;081836851;10.190567;
41.9114733903059;12.687647719346586;081839832;11.416875;
41.91117227533999;12.687840363635328;081842822;12.779222;
41.910858535450295;12.688044723919571;081845812;12.742374;
41.910550323111586;12.688251511299173;081848834;12.6823015;
41.91023841660984;12.688454851459232;081851858;12.935828;
41.90991762243562;12.688657457707821;081854878;13.205947;
41.90960345412004;12.688880301055285;081857834;13.022974;
41.909299078712856;12.689134292549808;081900889;13.449304;
41.909002248377675;12.689389643850713;081903897;12.537601;
41.908719485035654;12.68963406052069;081906896;12.536693;
41.90843706164908;12.689874008709497;081909893;12.078397;
41.90816559934439;12.69010026434839;081912863;11.511102;
41.90792971094924;12.690311601881469;081915899;9.937746;
41.907710844437105;12.690498540001782;081918889;9.773804;
41.90747601102955;12.690697512727407;081921867;10.411194;
41.907255962239276;12.69088821993939;081924894;9.516161;
41.907033224490924;12.691081052460998;081927860;9.917062;
41.906831499181;12.691251381036313;081930874;8.184134;
41.9066525010351;12.691399792601647;081933875;7.606383;
41.90648923228001;12.691536360357802;081936869;6.4718313;
41.906366828330576;12.691640929429013;081939870;5.0383677;
41.90626283562288;12.691731261474692;081942870;4.405427;
41.90615406179015;12.691754245376192;081945864;4.298777;
41.90605789584676;12.691586623813905;081948876;6.800142;
41.905930632902816;12.69131576520483;081951860;9.232071;
41.90577500338509;12.691001051742244;081954889;10.463126;
41.90561122698916;12.690672828601993;081957858;10.635692;
41.90545237948931;12.690357285046625;082000879;9.981758;
41.90530999576115;12.690057818010883;082003878;9.325812;
41.90519465765612;12.689838070982704;082006873;6.128299;
41.905136797115205;12.689710951377808;082009874;3.34614;
41.90521073438055;12.689603391331971;082012870;6.055469;
41.905412670998324;12.689473537803384;082015880;8.917085;
41.90563962344272;12.689265313606386;082018864;10.321504;
41.90585516866242;12.688983839118515;082021862;11.390061;
41.90607697194088;12.688677392101717;082024859;11.44787;
41.90628873029968;12.688401294975225;082027866;10.624709;
41.906562160211024;12.688190408632728;082030854;12.007921;
41.906823257062776;12.687927367985926;082033880;12.360378;
41.907032161376804;12.687557575696312;082036873;12.365722;
41.90716706185104;12.687178759636515;082039887;11.454927;
41.90709493248682;12.686782887225323;082042863;11.689151;
41.90683089067533;12.68649497210686;082045892;13.139518;
41.90649303758994;12.686333177723592;082048856;13.088115;
41.90619971840932;12.686120549949067;082051853;12.242925;
41.90602102564159;12.685766887026569;082054883;11.4138775;
41.90584928475422;12.68544560581131;082057904;10.575992;
41.905690992649866;12.68515833389379;082100841;9.530422;
41.90553763162697;12.68490945043863;082103829;8.545199;
41.90538776399444;12.684694755223468;082106887;7.808837;
41.90526679226989;12.684505731854621;082109871;5.864607;
41.90522934936748;12.684395697326211;082112874;2.4631264;
41.905204607974404;12.68433105634191;082115869;3.1655374;
41.90506671031775;12.684249998377517;082118866;6.3833704;
41.904847208594035;12.684187213396063;082121879;9.203528;
41.90456955163611;12.684107618685678;082124899;10.869799;
41.90429598162349;12.684015451652316;082127877;10.159156;
41.90404086274501;12.683951195743784;082130857;9.581939;
41.9037855038595;12.684028480346798;082133885;9.700946;
41.90361070839009;12.684172202388362;082136874;6.0529394;
41.90345605071896;12.684132295716996;082139869;6.5145645;
41.90334681002376;12.683842913986364;082142870;9.616685;
41.903219075751984;12.683497898469373;082145875;11.051404;
41.903084103012475;12.683132228169377;082148874;11.082616;
41.90295372759635;12.682772971726608;082151869;11.098147;
41.902814126789394;12.682391540528956;082154871;12.024554;
41.90267088044808;12.682003584738776;082157879;12.0236225;
41.90252044150591;12.681601361793533;082200876;12.671744;
41.90235920968492;12.681191805147506;082203843;12.8704405;
41.90220024376505;12.680766525481221;082206841;13.20977;
41.90204374016892;12.680333267737911;082209866;13.335264;
41.901873945718656;12.67990072300453;082212877;13.20148;
41.90171571091327;12.679486481018044;082215912;12.789999;
41.90156232537948;12.679077707063351;082218857;12.55766;
41.90142218772494;12.678683923361467;082221853;11.724919;
41.901296124578565;12.678322821628631;082224875;10.506073;
41.90116385717976;12.678083025982177;082227861;7.4819694;
41.90095113861528;12.67803993521443;082230872;9.83363;
41.90068620657771;12.67821360816672;082233883;11.427476;
41.90039619737261;12.678397941942709;082236874;11.876273;
41.90010045113219;12.6785884830278;082239892;12.063913;
41.89980263228578;12.678777103801984;082242857;12.261909;
41.8994908839983;12.678961910782265;082245870;12.622001;
41.899175676856906;12.679165818978921;082248875;13.014473;
41.89885735560042;12.679362243141027;082251862;12.977303;
41.898541685114296;12.679548686325441;082254871;12.687064;
41.89822912616476;12.67974161649591;082257834;12.82663;
41.89791131495119;12.679939772419907;082300855;13.006639;
41.897603236776675;12.680136241304762;082303859;12.4548435;
41.897311894610695;12.680307462051655;082306880;11.664403;
41.89703749028315;12.680490718312695;082309872;11.188061;
41.89679365624674;12.680638216201501;082312860;8.35397;
41.896633802025;12.680732808249322;082315877;5.770818;
41.89652226593306;12.680799095325133;082318868;4.229987;
41.89641868863073;12.680859323310893;082321889;4.222056;
41.89630613683079;12.680930248581053;082324878;4.8584995;
41.8961776831133;12.681009115630946;082327857;5.290611;
41.896049073771934;12.681087141101953;082330871;5.1284375;
41.89594514475124;12.68115133480349;082333881;3.1520312;
41.895866183882355;12.681202545738524;082336873;3.6011248;
41.89577108705669;12.681259943000446;082339863;4.00238;
41.895650803495826;12.681301841021924;082342852;4.6026516;
41.895566384174494;12.681256133444435;082345855;3.2081323;
41.89550764448591;12.68111470996595;082348863;5.287624;
41.89544602277502;12.680918042960359;082351855;5.74041;
41.895377830876306;12.680719693292746;082354867;6.5259466;
41.89530652575808;12.68050882027474;082357878;6.1147137;
41.8952564623223;12.680355298475998;082400868;4.288292;
41.89519579955112;12.680178159682416;082403855;5.996219;
41.89511616684552;12.67994386196974;082406860;7.626988;
41.895037198101164;12.679708461853211;082409863;7.1190085;
41.89494995148066;12.679457053180606;082412853;7.777252;
41.89486929073988;12.679215439064153;082415854;7.265133;
41.894780539440774;12.678961986940042;082418858;7.590575;
41.89469361278459;12.678712879122356;082421881;7.3596177;
41.894614347741225;12.678487031080717;082424898;6.8401146;
41.89451174953766;12.678226199661037;082427873;8.865634;
41.894386372523165;12.67791710334063;082430871;10.020346;
41.89425875943191;12.677568545299012;082433875;11.097115;
41.89413959753892;12.677210309554601;082436872;10.753296;
41.89402929703068;12.67687339965679;082439872;10.02265;
41.89392575661568;12.676574517868973;082442871;8.160524;
41.89385462757232;12.676368029336105;082445871;5.3184943;
41.89387604346142;12.6761959874791;082448868;5.328018;
41.89405886072366;12.676099679290278;082451868;7.9562836;
41.89428028631837;12.67597904268496;082454882;8.393539;
41.89448821242767;12.675855393009234;082457874;7.9545164;
41.89463584390207;12.675765049985035;082500866;4.8276997;
41.89469286973039;12.675795891257536;082503874;1.5179253;
41.89468377903523;12.675868643732151;082645863;0.9985539;
41.89464658280421;12.675913584987986;082652855;0.8528034;
41.89465450418329;12.675976260899246;082704868;1.7426217;
41.89468752868325;12.676020997544136;082709872;0.8492019;
41.894709196863076;12.676087029820442;082715900;1.1306887;
41.89473520988181;12.676146586910605;082721851;0.87694615;
41.89475483327397;12.676201079690443;082726870;0.97571105;
41.89477107419083;12.676260151899934;082732877;0.8763855;
41.89479423248354;12.676317942901035;082738881;1.2451596;
41.89479757424145;12.676405276951318;082745862;1.1962532;
41.89481792196619;12.676469508170547;082802855;0.9718357;
41.894867893448485;12.676492017992391;082807871;1.3608989;
41.89496170847323;12.676448152474547;082817853;0.0;
41.895008110489854;12.676438176378758;082822869;0.8164044;
41.895045746017125;12.676402057316444;082842883;0.0;
41.89509616799946;12.676364532661914;082955885;0.0;
41.8951432838457;12.67636645103685;083008874;0.17286141;
41.89518802015958;12.676402273969241;083013865;0.9010007;
41.89527813133041;12.6764518086649;083022873;0.6901771;
41.89533502825879;12.676461412748495;083026874;0.013646234;
41.89527771664746;12.676449543616991;083050835;0.058320347;
41.895211632991206;12.676393472852217;083054876;0.4503474;
41.895161483565055;12.676386132984282;083057876;0.67220277;
41.89511140532804;12.67637906149824;083101872;0.62866884;
41.89505758673045;12.67638921826183;083105875;0.757069;
41.89500695853227;12.676412750045928;083108870;0.8541878;
41.89496106649979;12.676437476143047;083113880;0.9050816;
41.89492422079066;12.676475574691286;083117861;0.9024154;
41.8948793237478;12.676506702493173;083122883;0.8550125;
41.894926266029145;12.67647072340136;083240865;0.4769239;
41.894976461113586;12.676449737886749;083246824;0.71837384;
41.89502338636389;12.6764270752318;083257826;0.4698282;
41.89498179351866;12.676455523692848;083304844;0.57080525;
41.894932544706414;12.676468466292812;083505813;0.34835687;
41.89497699004791;12.6764586878616;083901850;0.22073597;
41.895023429629916;12.676434365401937;083906865;0.85618925;
41.89507474507796;12.676407496572981;083911869;0.72079855;
41.89502786898533;12.676413978662845;083931862;0.8056937;
41.894989343949796;12.676451862847465;083938896;0.3300407;
41.89493773704244;12.676466430787361;083949872;1.245172;
41.89489244926535;12.676465290575086;083958866;0.7552792;
41.89486054069836;12.676412879972359;084003863;0.56101394;
41.89481572913052;12.67642432236438;084031882;0.00463463;
41.89485417617833;12.676466175176722;084251870;0.51107955;
41.8949127127566;12.676450562791812;084258864;0.5711739;
41.894959118268154;12.676463088427269;084323851;0.013633544;
41.89501480370597;12.676444362017216;085132875;0.79955274;
41.8950583106977;12.676400937485536;085136886;1.0221376;
41.89510285811888;12.676364638097375;085155873;0.5512485;
41.895147092920766;12.676337358525734;085159855;0.93010515;
41.895195204026166;12.67634524134594;085209878;0.54556644;
41.89515011231742;12.67635548558355;085236870;0.687977;
41.89511126005819;12.676391192880164;085240868;0.7602813;
41.895062665606986;12.676393247269123;085248863;0.17776392;
41.89502708650888;12.676435686362202;085309877;1.0402455;
41.89497955222749;12.676467562581736;085314878;0.5883488;
41.8949440721389;12.67650540465748;085321884;0.5875629;
41.89489554082122;12.67652707757895;085325889;0.37304637;
41.89485100259145;12.676516794206945;085344879;0.06418032;
41.894833282736194;12.676459857658976;085355862;0.13772826;
41.894794987852904;12.676423567056954;085414877;0.5296012;
41.89474913047252;12.6763989032932;085418888;1.1862134;
41.89470201421563;12.676366945012267;085421849;1.3945442;
41.89465760376323;12.676345956551987;085424882;1.4249803;
41.894601031727674;12.676319688246304;085428876;1.4463104;
41.89454924198187;12.676289267363869;085432882;1.4569317;
41.89450144777097;12.676267774205357;085436907;1.4439832;
41.89445667296128;12.676241110868615;085440860;1.4109639;
41.894405882400974;12.676216833272662;085444869;1.3897456;
41.89436596953118;12.676174481450209;085450851;1.2104956;
41.89432026097219;12.676177924813063;085508854;0.48845533;
41.89432433762003;12.67623975684203;085825835;0.034798104;
41.894333036872936;12.676178936935548;085841868;1.2500219;
41.894280762072285;12.676207862821402;085855870;1.0014672;
41.894273064544436;12.676269184261066;085915871;0.3165986;
41.8943103333319;12.676311292669439;085934879;1.0002247;
41.894335503463225;12.67625108914783;085938861;1.3318907;
41.8943339847087;12.676317181460238;085947880;0.64721656;
41.89429363085221;12.67634531058992;090025870;0.059901167;
41.8943262862704;12.676283825809442;090155865;0.85309535;
41.89435091831038;12.676228255944057;090200869;0.88204485;
41.89438193825313;12.676180006438937;090205864;0.9038384;
41.89439687582909;12.676237623074037;090221871;0.024371281;
41.894419220983735;12.67629433637492;090355873;1.0731215;
41.89445160481757;12.676343251553769;090359858;1.1199629;
41.89449157135192;12.676384611520483;090403895;1.1483712;
41.894530885326205;12.676435110519298;090408892;1.1783711;
41.894551279144565;12.676499708250468;090413873;1.1565003;
41.89458618902729;12.676539118798184;090420877;0.010440693;
41.89453997311621;12.676512936175415;090447856;1.0462344;
41.89452095602169;12.676456272531125;090450866;1.2745627;
41.894492223926356;12.676400166269973;090453875;1.318917;
41.89445957045742;12.676354961124542;090456877;1.3610488;
41.894419741478934;12.676309939311587;090459867;1.3624492;
41.89439011087978;12.676261312032636;090503878;1.3070219;
41.89435907960142;12.676215407944202;090509889;0.71261054;
41.89432025891232;12.676252229980546;090643877;0.1685097;
41.89431161725385;12.676311380434694;090937863;0.005628438;
41.89426802197172;12.676326907627832;091118810;0.0024293333;
41.89430291964006;12.676279836695064;091150822;0.40341768;
41.89426872436285;12.676319035077485;091158813;0.5440803;
41.89427814724534;12.676390290328426;091233886;0.5792046;
41.89429801230875;12.67645505573949;091238871;1.0182403;
41.89433405817649;12.676508735459606;091243856;0.9216512;
41.894379419591125;12.676498221819397;091250847;0.81579787;
41.89442493567791;12.676484569025341;091305856;0.48741078;
41.89447183877011;12.67646624103148;091336820;0.91866493;
41.89442687915428;12.676456848393475;091409867;0.32034498;
41.89438540297676;12.676486144236769;091606872;0.7482231;
41.894335840139874;12.676473972476881;091611871;0.8614303;
41.8942949593483;12.676439323765683;091618876;0.8863815;
41.89428650869159;12.676374787347635;091625878;0.7214134;
41.89428332100344;12.676312703997803;091651880;0.039279725;
41.89431876138728;12.676275400110313;091659875;0.3715833;
41.89426936536742;12.67630612787323;091708876;0.85943335;
41.894231027913335;12.676338473650526;091713857;0.97513384;
41.894184428304776;12.67635585229824;091720878;0.6540526;
41.894228292117006;12.676330586062507;091814866;0.63154376;
41.89426942559805;12.676357880939914;091825882;0.014567185;
41.894237393906714;12.676311334291107;091845878;0.41154343;
41.894219599439985;12.676255629387141;091921846;0.011603407;
41.89418504072733;12.676297597602629;091947843;0.029563583;
41.894221539759414;12.676338672676435;092008850;0.49873444;
41.894189114921986;12.676296151151579;092115836;1.2524453;
41.89419300228783;12.676360255431636;092131869;0.76352036;
41.89423907545997;12.676369902174201;092202866;0.30373818;
41.89420477825238;12.676415525941747;092236842;0.21604438;
41.894216839822;12.676357288327983;092402840;0.08750933;
41.89420512620314;12.676297241330365;092458818;0.012962036;
41.894168993332514;12.676259103673182;092644841;0.20167772;
41.894198795026284;12.676304302821165;092654829;0.19003755;
41.89416870785338;12.676246401964168;092751855;0.50086737;
41.89419242198973;12.676306694618948;092800829;1.0888381;
41.894237981165844;12.676311050079109;092810839;0.48865405;
41.89428276351751;12.676278312918075;092816871;0.859295;
41.89428627220161;12.67634074291663;092822878;0.9194799;
41.894288818502886;12.676412769161807;092825878;1.2966096;
41.894290390966155;12.67648208128888;092828883;1.4591837;
41.8942912658513;12.676547731005561;092831876;1.5335802;
41.89429097816617;12.676609616592208;092834876;1.5602123;
41.89428655926547;12.676671730796672;092837863;1.5438516;
41.894313333979056;12.676612645628028;092849871;1.1719744;
41.89430457373548;12.676538972165783;092853865;1.2870754;
41.89430212908743;12.676464898133977;092857841;1.2667265;
41.8942904755146;12.676397846506628;092902863;1.2433493;
41.894282150600525;12.676335841857396;092905881;1.321223;
41.894264584563345;12.676271508053322;092909861;1.3878528;
41.89425383725081;12.676196554471549;092913869;1.429762;
41.89428505786268;12.676152981611695;092918875;1.3308879;
41.894332165917135;12.676129630446692;092922810;1.2853962;
41.89438007631411;12.67611652128001;092947866;0.43181533;
41.89433558167724;12.676126072306431;093300825;0.0069577107;
41.89438219260787;12.676142007686005;093342845;0.4031678;
41.89442637710114;12.676179790814327;093401838;0.17042549;
41.89446542773568;12.676216878590811;093545854;0.6999294;
41.894416850077455;12.676200910075243;093633879;0.04325699;
41.894374057062315;12.676167616792512;093653873;0.80995274;
41.89432923417958;12.676174078372016;093659850;0.008535408;
41.89436053172665;12.676130607996571;093819838;0.18871592;
41.89430929579573;12.676135531104723;093838827;0.5472309;
41.89433587180768;12.676086822742137;093928857;0.012497884;
41.894378192462746;12.676110542172122;093948875;0.026861863;
41.894333139851135;12.676127289204562;094056829;0.19038036;
41.89428926382092;12.676109314857218;095109820;0.011875782;
41.89433225596395;12.676136627655156;095518796;0.14199515;
41.89436279980263;12.676181374297633;100230823;0.013753879;
41.89438031560386;12.676237216593869;100509836;0.0066230856;
41.89436058128564;12.67617010699535;100838863;0.49752432;
41.89430940825752;12.676148256906338;100936873;0.832185;
41.89435423314947;12.6761192452455;101132828;0.18090516;
41.89439822923822;12.67614334989857;101504835;0.09131065;
41.894443321326236;12.676136035148488;101540836;0.05899467;
41.89448384260656;12.676164314687252;101558814;0.23568043;
41.89444527624963;12.67620007720288;101643822;0.06672629;
41.894402419714304;12.676181614990137;101657827;0.020726634;
41.89435944408287;12.67616090107953;101803829;0.054547176;
41.8944035925581;12.67613958787068;102335831;0.13121821;
41.89434753359261;12.676132786645061;102409796;0.16437285;
41.89435633360782;12.676192411722063;103227845;0.0055514034;
41.894312989558884;12.67616998397477;103629832;0.03325672;
41.894342827506364;12.67612361487618;103856829;0.34907708;
41.894316782182436;12.676175107214096;104102831;0.35917622;
41.89434639194901;12.676127326278486;104158872;9.42956E-4;
41.894333762065116;12.676185893379456;105324815;0.32269678;
41.89436256492394;12.676139026618282;105651815;0.021347012;
41.89435941539631;12.676199859836414;105912803;0.009480503;
41.89435873025355;12.676107172880792;110111778;0.23528636;
41.89441533865825;12.67616399947004;110152836;2.2998827;
41.89446378616274;12.676198316949822;110157838;1.3284687;
41.89449698038951;12.676243578721337;110201838;1.2794571;
41.894537041332676;12.676286075181842;110207837;1.0460161;
41.89458571431743;12.676325414671865;110214844;1.1219076;
41.894623633546026;12.676358699322979;110218886;1.4143229;
41.894657716501754;12.67640184494394;110223848;1.2206764;
41.89471292637179;12.6763951516705;110229883;1.1664975;
41.894772731112994;12.676388933591703;110233856;0.7939211;
41.89471825203125;12.676384429114812;110701877;1.1805195;
41.894665286123164;12.67635730774731;110704845;1.4475636;
41.89461331752183;12.676336170173457;110707864;1.5040402;
41.89455900248532;12.676304524113501;110711857;1.5042868;
41.8945082009073;12.676273934941477;110715872;1.4713556;
41.89446030168165;12.676259170212342;110719862;1.4204662;
41.894407523088624;12.676249537744386;110723893;1.4147884;
41.89437759849954;12.676188814260469;110733873;1.1377206;
41.89435533406221;12.676123132207977;110737821;1.3958663;
41.89436941793985;12.676198202686573;110742878;1.2222989;
41.894404141590535;12.67625577821897;110746830;1.3160573;
41.894370432973794;12.676194204915074;110928846;1.2063321;
41.89434015573026;12.676147422878232;110933820;0.72238857;
41.89440015315855;12.676175011513532;111116849;1.1938553;
41.89444980632555;12.676199347579386;111120871;1.054091;
41.894508337741286;12.67621713252849;111123855;1.2132655;
41.89455478826584;12.676241876293124;111126861;1.296481;
41.89460180920374;12.676280563867598;111131850;1.2748656;
41.89465118140153;12.67629296668065;111134871;1.3516058;
41.89469631474244;12.676324384415837;111139846;1.3104439;
41.894737144782695;12.676352089458685;111143854;1.215297;
41.89478567332169;12.676365764827628;111149835;1.125939;
41.89483232711299;12.67638422402524;111155877;0.566773;
41.8948542088955;12.676458122384183;111205859;0.9569826;
41.89489204309506;12.676490992769073;111216841;0.97812504;
41.894938426500964;12.676473679441113;111220864;0.846736;
41.89498082484616;12.676447111698046;111230833;0.5250838;
41.89502495029414;12.676412401274545;111238821;1.0118312;
41.89506755919062;12.67638894686527;111242875;1.1220474;
41.89507595227756;12.676316971165955;111253816;0.9898791;
41.89507975095261;12.676247433066694;111258851;0.91563076;
41.89506963483711;12.676179999932568;111302851;1.1736398;
41.89507122199692;12.67611375551934;111305868;1.324316;
41.89508649040948;12.676038305572911;111310879;1.2974737;
41.89508127456293;12.675973598508124;111314847;1.2359157;
41.89505625036814;12.675913092864697;111318858;1.3702874;
41.89503974496194;12.67583742570705;111325862;1.2300112;
41.89507355283056;12.675784547615573;111329871;1.234987;
41.89512243150608;12.675760401866594;111333845;1.2855121;
41.89508638336869;12.675813216088628;111345808;1.0858326;
41.89505677817116;12.675872618702916;111349854;1.1171019;
41.89504942172031;12.67593537472388;111353846;1.1814721;
41.8950752630024;12.67600372789837;111357846;1.2011195;
41.89512430541111;12.676016510125226;111400854;1.267985;
41.89516593009132;12.675970822174213;111404852;1.267092;
41.89520952832566;12.675941689426747;111407845;1.3187755;
41.89525387809434;12.675914226355513;111412821;1.2411242;
41.89529992055307;12.675885231802653;111417859;1.1482822;
41.89534085155579;12.675859879023822;111421857;1.1952944;
41.895384272823264;12.67589444845316;111441859;1.0167031;
41.89541718218499;12.675954825768024;111445858;1.1664112;
41.89542374265518;12.676029585116005;111448844;1.1777494;
41.89543765044633;12.676091459606877;111453850;1.043473;
41.89543225716549;12.676172263845121;111456811;1.1078987;
41.89538216806811;12.676192128411051;111502821;1.0683959;
41.8953372835929;12.676211561161173;111505850;1.1683575;
41.895292367440426;12.676236448548817;111509868;1.1780547;
41.8952377640417;12.676274208240327;111513850;1.227924;
41.89519510467742;12.676299748930324;111516849;1.2766535;
41.89513805080176;12.676339176772226;111521850;1.2080696;
41.89508860766862;12.676358416037356;111525843;1.1999787;
41.89513351364457;12.676369636068666;111544849;0.32817948;
41.89517805948742;12.676382197405085;111557807;0.51733214;
41.895228318549336;12.676341086444074;111615839;0.17639554;
41.89524841472456;12.676398645716132;111627829;0.29823062;
41.8952203436723;12.676349855106125;111639830;0.023696365;
41.89517436513329;12.6763303244104;111646846;0.26395768;
41.89512923553024;12.676362985805895;111655855;0.58492213;
41.895084677447684;12.6763824731817;112101794;0.21542272;
41.895065261568384;12.67632363811182;112124801;0.34699416;
41.89506078753558;12.676254874007645;112128854;0.9217367;
41.89506096200616;12.676325277905605;112139852;1.017801;
41.895049246314656;12.676386525734742;112258846;0.4754046;
41.8949979115189;12.676393436177714;112305846;0.57284373;
41.89496016203567;12.676439340242547;112310865;0.6366397;
41.89492015241925;12.676473192166412;112314816;0.92200404;
41.89488310259814;12.676515076978646;112319825;0.7288653;
41.894878570809496;12.676582590567751;112327846;0.54664993;
41.89483600008649;12.67662965967371;112341836;0.32644355;
41.8948114729347;12.676578103447634;112408851;0.16871549;
41.894844768270715;12.676526505760672;112415861;0.6089276;
41.894896411780785;12.676492484550389;112420861;0.817917;
41.89495096820795;12.67646251062525;112425846;0.90922713;
41.89499666707978;12.67643384278021;112428866;0.90572655;
41.89504279089487;12.676426015526273;112435849;0.16239254;
41.89506826939659;12.67636893484542;112451810;0.4097434;
41.89510751571569;12.676409054600299;112541857;0.35120237;
41.895087274278254;12.676352482515005;112733853;0.008898903;
41.89504665214798;12.67639463383324;112822856;0.5854361;
41.895086409088705;12.676358703259588;112836839;0.9072108;
41.89505438132524;12.67640541449006;113401815;0.16994101;
41.89508018473437;12.676354438157373;113607796;0.035015933;
41.89511861063272;12.676393241827187;114113804;0.005326423;
41.89506509762603;12.676403605887428;114320821;0.4430156;
41.89502567156899;12.676437777849493;114325865;0.36306432;
41.89498657039217;12.676471603760511;114330852;0.6374528;
41.89492831055384;12.67648577288596;114337857;0.6762973;
41.894879723130096;12.676498281548692;114343850;0.36499047;
41.89485067192907;12.676450614687779;114459806;0.13956411;
41.8948320869333;12.676390896592684;114503855;0.7503933;
41.89480564070867;12.676334290857305;114507838;0.7613378;
41.89478168320516;12.676273070985802;114510854;0.8222961;
41.89476609779327;12.676206529071003;114515860;0.780201;
41.89473734665615;12.676139561608494;114520847;0.87547445;
41.89471315580046;12.676066270214122;114526859;0.87356085;
41.894712755471474;12.675996880270777;114532858;0.60422164;
41.89469352217366;12.675939956260153;114541851;0.58888626;
41.894715608118254;12.675874699329771;114547861;0.7222272;
41.89471523176029;12.67581366150884;114558815;0.042305075;
41.894673093533264;12.675780297230776;114656850;0.9140459;
41.89471980953418;12.675745210341008;114701842;1.5503964;
41.894845823440825;12.675668515866986;114704845;2.8161926;
41.89502129134671;12.675562930563107;114707859;7.5977855;
41.89521689857503;12.67543117425969;114710849;7.677054;
41.895376096856545;12.675318044350888;114713853;6.3683248;
41.89551682161968;12.675258801820915;114716848;5.080986;
41.89562151187292;12.675405528021749;114719860;7.3102016;
41.89572019576853;12.675695908310816;114722865;9.349747;
41.89583629441121;12.676037583035697;114725864;10.494757;
41.89594530624785;12.676372959492832;114728862;9.958062;
41.896060116916374;12.676708290093856;114731826;10.148745;
41.89617457668407;12.67705225538485;114734835;10.244883;
41.89627822606685;12.677359892928965;114737853;8.672263;
41.89638166784562;12.677630105056496;114740831;8.526669;
41.896476653172;12.677918187362227;114743853;8.458213;
41.89654855173092;12.678196509524922;114746886;8.189183;
41.896643185181794;12.67847320805365;114749875;8.4677;
41.89673233545393;12.67874465265094;114752856;8.124948;
41.896817419788746;12.67900238162593;114755853;7.598012;
41.89690652710744;12.67927037517599;114758854;8.195534;
41.896982318841005;12.679512815692764;114801844;6.6834416;
41.89705204384359;12.679742088856804;114804848;6.902002;
41.89711735459451;12.679951022254347;114807832;6.025373;
41.89717519720533;12.68014817354264;114810851;5.699046;
41.89720547684396;12.680250704579054;114813844;1.3285092;
41.89722928247384;12.680316137835494;114819845;1.824762;
41.89729283638268;12.680359834398065;114827857;3.4865556;
41.897409113256955;12.680317377457811;114830862;5.218577;
41.89757426952056;12.680213731181006;114833844;7.716967;
41.897813328689125;12.680067938451048;114836838;10.588073;
41.8980912263888;12.679895236355408;114839849;11.67705;
41.898377859581025;12.67971849977733;114842881;11.3751335;
41.898660024416365;12.679542745170004;114845839;11.185422;
41.898934880051954;12.679366812809072;114848844;11.658593;
41.89921390319572;12.679194867444876;114851851;11.140085;
41.899484056789575;12.679023266286533;114854850;11.241885;
41.89974411221464;12.678852692523398;114857857;9.873831;
41.89997658246278;12.6786992052609;114900850;9.690341;
41.90023411909122;12.67855433433831;114903804;10.662242;
41.90051040185125;12.678392939710328;114906864;11.344836;
41.900773800210445;12.678233616023658;114909824;10.298452;
41.901009329745506;12.67810218386728;114912847;8.730137;
41.90120256266374;12.678146820277552;114915851;7.5202665;
41.9013350651255;12.67842850464688;114918854;9.973612;
41.90146743755225;12.678784672842795;114921851;11.178453;
41.90161130222829;12.679166375725316;114924846;11.951219;
41.90175876092986;12.67955682247115;114927854;12.071062;
41.90190593441447;12.679953182081167;114930852;12.279702;
41.90205755114367;12.680355524720216;114933837;12.50955;
41.90220214368879;12.680753557168341;114936845;11.713288;
41.90235111107603;12.681139845183056;114939844;12.075082;
41.90249065189563;12.681523451933986;114942851;11.350551;
41.90261441264336;12.681876564527514;114945845;10.299314;
41.90272863363315;12.682188939453834;114948830;9.226039;
41.90283536196298;12.682472082497403;114951856;8.549005;
41.902929812612214;12.682736460283667;114954859;8.068216;
41.903041380103545;12.683006835110758;114957859;8.63575;
41.90315552289279;12.68330826731689;115000847;9.605166;
41.90327065689006;12.683612987557476;115003848;9.2956915;
41.90335455413119;12.683833066940318;115006847;5.065477;
41.903392736700305;12.683935916305717;115009841;2.3339832;
41.903421466736845;12.683990777075135;115025853;1.3957124;
41.90344754437085;12.68405639590619;115028851;2.130732;
41.903470200628284;12.684115558826552;115033839;1.4750549;
41.90349103029459;12.684171424653178;115037824;0.924214;
41.903525194495174;12.684242475801467;115043841;2.6494257;
41.90361787999678;12.684242229285578;115046852;4.6803966;
41.90374070706639;12.68412277281127;115049834;5.871391;
41.903860202691966;12.68403467593303;115052845;4.3285427;
41.903947269163545;12.683995991834736;115055829;3.225306;
41.90406962417656;12.683991054662197;115058844;5.472027;
41.90426167416298;12.684033982520612;115101851;7.878349;
41.9044995607659;12.68410518513564;115104849;9.522523;
41.904753292126685;12.684180613233519;115107862;9.817768;
41.905010014499425;12.68425041258772;115110849;9.220656;
41.905187430933275;12.684360921287562;115113839;7.02889;
41.905309835519525;12.684596586483966;115116856;8.531485;
41.905484347367235;12.684837809693699;115119836;9.873004;
41.90567847761176;12.685139198227443;115122847;11.537974;
41.90588143794268;12.68551124900798;115125867;13.238881;
41.906092329757136;12.685905500987413;115128841;12.917454;
41.90629364558342;12.68625580232578;115131862;12.220798;
41.90658701223565;12.686449550601173;115134848;12.181496;
41.906886086347775;12.686606860062751;115137849;11.756092;
41.90711234577713;12.686891162971028;115140845;11.337118;
41.90711955049218;12.687274763334823;115143836;10.876708;
41.90698893066748;12.687625075442472;115146839;10.903106;
41.90682206943086;12.687913007299848;115149851;9.481225;
41.90661774482206;12.688126476336178;115152832;9.599221;
41.906391668927576;12.688287215803802;115155836;9.18903;
41.90619130646751;12.688488195990935;115158849;9.633158;
41.90599525029692;12.68874506312637;115201825;10.513129;
41.90579741190102;12.689017088715325;115204849;10.143586;
41.90559866422126;12.689267206635039;115207842;10.227545;
41.90537457902298;12.689456352406285;115210812;9.579557;
41.905191084698615;12.689573916608762;115213883;6.227046;
41.90510061637545;12.689683255835353;115216822;5.1411633;
41.90518755353346;12.6898613940387;115219855;7.0920987;
41.90531413465964;12.690108443537055;115222849;8.609753;
41.90543511151338;12.690349870945887;115225852;7.154839;
41.90552706555558;12.690531018003925;115228830;5.612485;
41.90559672458154;12.690667469733265;115231835;3.6286411;
41.90562094174013;12.690720119069063;115245850;0.4056311;
41.905651641514076;12.690799621606338;115255852;0.0;
41.90568791592121;12.69086911524631;115258855;2.2062035;
41.90572603197378;12.690921301192532;115336648;0.31774953;
41.90576648810274;12.690994452396447;115341678;3.2159088;
41.905826460819824;12.691083275058947;115344651;2.8534746;
41.90588791513986;12.691185156232127;115347650;4.2487693;
41.90594126460753;12.691317837469171;115350647;3.8714054;
41.90599616614758;12.69145041332721;115353647;4.6615396;
41.9060500266496;12.691562529040114;115356684;2.5372522;
41.90607621201869;12.691612793183817;115406687;1.7277594;
41.90610131567808;12.691665515230323;115414673;0.51374435;
41.90613031847695;12.691716629711545;115420676;0.75027496;
41.90616563547894;12.69177121268691;115425696;1.8194376;
41.90624718600399;12.691785793146908;115428677;3.397881;
41.90634238519985;12.691699854997532;115431660;3.93461;
41.90644868271597;12.691605430765007;115434638;5.196579;
41.90657088463922;12.691505427143714;115437683;5.524067;
41.906669153445854;12.69142156166678;115440667;2.625652;
41.90672833036162;12.691366255823944;115443681;3.2780688;
41.90684109441918;12.691264603927669;115446650;5.580749;
41.906961073187205;12.69116083052191;115449649;5.09253;
41.90706247598238;12.691067477262026;115452681;4.2884274;
41.907155181449575;12.690984662126764;115455688;3.848993;
41.90724832375688;12.690912000336054;115458679;4.089577;
41.907294870618934;12.690877712602628;115501664;1.3534328;
41.90734098749981;12.690835797695451;115504679;2.5515108;
41.907429669161814;12.690755395828457;115507680;4.151718;
41.907493844100216;12.690700833896223;115510682;2.2433114;
41.90753570293942;12.69066449209376;115513683;1.6298938;
41.90757709071112;12.690627069564282;115516686;1.8305316;
41.90761793648299;12.69059026304461;115519694;1.8031929;
41.90766533432217;12.690550635001399;115522687;2.2998595;
41.907736338724355;12.690492260917177;115525652;3.5257363;
41.90784352852962;12.690406167070101;115528660;5.015384;
41.90796101747781;12.690302487869209;115531690;5.153464;
41.908093289123954;12.690190203850506;115534690;6.196733;
41.908249480482645;12.690062660091254;115537671;6.835456;
41.90840985610112;12.689919861190939;115540691;7.2059546;
41.908579866808346;12.689770527419078;115543682;7.6857896;
41.908768284852314;12.689607003157542;115546643;8.609789;
41.908977043125496;12.689430709066142;115549691;9.489722;
41.9092043722516;12.689232406100947;115552681;10.305928;
41.90945529668891;12.689026330410412;115555683;11.144583;
41.90972483857763;12.68881166700163;115558690;11.812532;
41.91001163971209;12.688614463760656;115601679;12.104924;
41.91029732734791;12.68842659932353;115604683;11.411998;
41.910577456739;12.688243429020275;115607683;11.754422;
41.91087331519014;12.688053873895663;115610680;12.362453;
41.911164104916075;12.687868079601797;115613679;11.586238;
41.9114328471474;12.687697780718791;115616651;10.882556;
41.91168062174743;12.68754115334079;115619680;9.179679;
41.911836172699886;12.687438545264344;115622706;4.722534;
41.91191187549613;12.687389680760043;115625666;2.4073918;
41.91198525455794;12.68733900418987;115628666;3.6618428;
41.91212280127193;12.687245749877658;115631691;6.728031;
41.91231243275084;12.687137496676424;115634680;7.7190595;
41.91246840106293;12.687091568031757;115637649;5.357322;
41.91257932824477;12.687237605335834;115640647;7.185058;
41.91271614321251;12.687559119375065;115643665;11.318279;
41.912891032626575;12.687956825637665;115646659;13.025318;
41.91306724663639;12.688357871275713;115649657;12.733292;
41.9132394466067;12.688763532599422;115652684;12.66919;
41.91337451059081;12.689071965376776;115655680;8.267794;
41.91342803256212;12.689230922451099;115658679;3.4639091;
41.91337175887166;12.689271031606355;115701673;2.5046425;
41.91332628788315;12.689301903487435;115704692;1.9581307;
41.91331065360045;12.689211518822907;115737693;1.0438551;
41.91335586346941;12.689239071661225;115820688;0.83558893;
41.91338729026985;12.689282469384107;115826686;1.0296614;
41.91343731389493;12.689267885207528;115839699;1.1147264;
41.9134823744143;12.689270765878664;115843686;0.9866057;
41.9135192244446;12.689309999228724;115848686;1.0888754;
41.91354691657809;12.689365182996706;115853687;1.0900187;
41.91360833268745;12.689355566229391;115915702;0.0;
41.913733273403864;12.689389464114393;155838089;0.0;
41.91368963762838;12.689410328314814;155902023;0.0;
41.913725207886436;12.689350011884768;160123061;0.0;
41.91368571917881;12.689275975107915;160149040;0.0;
41.91362951961206;12.689186143690716;160217054;0.0;
41.913633205382645;12.689112728337795;160226060;0.0;
41.91367720481112;12.68909455262358;160239068;0.0;
41.9137590321417;12.689405798500841;161135020;0.0;
41.913719354488755;12.68937123922683;161150077;0.0;
41.913708107986636;12.689305926264902;161220067;0.0;
41.913655305628765;12.689340260784869;161231089;0.0;
41.91361019511472;12.689363936429643;161246072;0.053247873;
41.913711341280894;12.689303780293356;161502042;0.0;
41.91368498500723;12.689254315775724;161530123;0.0;
41.913643568331;12.689314979602727;161551039;0.80503464;
41.913610372913205;12.689361923150052;161617025;0.6242965;
41.91356382891836;12.689360498042985;161634063;0.45010623;
41.91350569708554;12.68936600594603;161643044;1.0535511;
41.91346518890616;12.689327824478513;161647036;1.2601206;
41.91343499360556;12.689276647311509;161651099;1.2763427;
41.91338112037608;12.689266180565932;161656088;1.2490071;
41.91333850552761;12.689222145646676;161701080;1.2346805;
41.913315575320084;12.689274291032735;161814013;0.020355066;
41.91336355941718;12.689262510048696;161825098;1.5347383;
41.913348125320375;12.689127469678969;161828096;3.47192;
41.913294370521996;12.688942452239841;161831064;4.913802;
41.9132059024157;12.688704439433815;161834077;8.844457;
41.91308455214143;12.688400131804501;161837103;9.013685;
41.91295781606429;12.68810282730762;161840062;9.576254;
41.912821557812094;12.687798811697375;161843098;9.652546;
41.91270232256863;12.687517052622473;161846015;8.518;
41.91262645846772;12.687335215669542;161849083;3.5804744;
41.91260248167945;12.687279258854176;161914034;1.54139;
41.91256619845852;12.687194595735814;161917054;2.9499233;
41.91254022397161;12.687130643493406;161920068;1.1669652;
41.91252612208386;12.687067647591885;161945063;1.6992583;
41.912571269048165;12.686945253284398;161948086;5.0422797;
41.91274601401486;12.686840378207327;161951074;7.405995;
41.91298383967278;12.686696467788623;161954069;10.736064;
41.913265323409284;12.686525326304437;161957091;11.819632;
41.91357033955036;12.686329386397027;162000044;12.944709;
41.91390214188571;12.686116791625304;162003067;13.796988;
41.91423639150769;12.685908054387367;162006072;13.681961;
41.91454815592109;12.685709177933054;162009044;12.294704;
41.914839192659095;12.685527169218542;162012097;12.258847;
41.91514224842325;12.685338028708973;162015027;12.158594;
41.915439813983774;12.685145976315711;162018089;11.977647;
41.91562301672322;12.685028110769883;162021066;4.932387;
41.915678185898834;12.684993058840565;162024075;1.9850464;
41.915773465152164;12.684929985615145;162027072;5.045094;
41.91594907848781;12.684819521078138;162030110;8.144253;
41.91617285908498;12.684677079578858;162033058;9.201201;
41.9164154377064;12.684520141374657;162036065;10.026968;
41.91664844039233;12.684378199684073;162039064;8.605059;
41.91679921376811;12.684281089912181;162042079;5.2076936;
41.91691583085887;12.684206597307737;162045074;4.6833067;
41.917051629114205;12.684118660203008;162048045;6.454973;
41.91724665401487;12.683996501705034;162051066;8.860387;
41.917456607045146;12.683823838404022;162054084;9.151315;
41.91758998914585;12.6835330876382;162057061;10.068029;
41.91763642052658;12.683148682512662;162100072;10.995504;
41.917677642815;12.682752725689095;162103075;10.725258;
41.917718221669524;12.68239777595738;162106047;9.558579;
41.91776763795282;12.68211592050541;162109066;7.336602;
41.917937756646445;12.681966670437781;162112071;9.1848955;
41.91822963886898;12.681939309631062;162115028;11.148463;
41.9185455527565;12.681893422470473;162118006;11.858803;
41.918860124732944;12.681805125319514;162121067;11.993156;
41.91917374319185;12.681721946211493;162124074;11.810348;
41.91943717004025;12.681540656202603;162127057;10.673794;
41.91956373534946;12.681168025150747;162130079;12.085087;
41.91962359855286;12.680691591598183;162133068;13.755378;
41.919723128257836;12.68019127366116;162136074;14.522152;
41.91991451592382;12.67971334459419;162139071;15.094149;
41.92012302685691;12.67924675476409;162142029;14.533041;
41.92030990957052;12.678829118656525;162145033;12.762447;
41.92051891034208;12.678454444981071;162148071;13.029179;
41.920780348846385;12.67809654785188;162151077;13.992157;
41.92103356394661;12.677728359430631;162154064;13.865181;
41.921318828033044;12.677405143179515;162157066;13.599229;
41.921622262391935;12.677179299189705;162200052;12.208411;
41.921899658013814;12.67700712204557;162203083;10.117476;
41.922103494512264;12.676895997032283;162206092;6.0188975;
41.922204209661864;12.676801917136537;162209035;3.4983838;
41.922212048742246;12.676661714385853;162212034;5.0098596;
41.922088415527455;12.676463337821199;162215030;8.36668;
41.92192507134478;12.676201506021801;162218017;10.141048;
41.921806918662696;12.67582875126029;162221061;11.948518;
41.921719137426344;12.675402265744266;162224059;12.029411;
41.92175108173145;12.67493912837798;162227067;12.790169;
41.921888832203706;12.674536650498753;162230048;12.023352;
41.92211831847483;12.67424868625179;162233091;12.326861;
41.92241453600901;12.6740506547226;162236052;12.25586;
41.92271882349499;12.67390411611203;162239062;11.968923;
41.923017063130715;12.673765042451631;162242068;11.869753;
41.92325956266387;12.673527579123862;162245063;11.046598;
41.92324569537051;12.673116729475531;162248067;11.736392;
41.92315708411957;12.672689418819518;162251079;11.978815;
41.92307918012367;12.672273894308711;162254076;11.369317;
41.923055571489414;12.671877059272363;162257069;10.671882;
41.9230728466999;12.671502330029545;162300051;10.061404;
41.92309044186826;12.671149196070976;162303054;9.728779;
41.92310811635369;12.670783893639276;162306074;10.212277;
41.92312979749721;12.670409107009105;162309046;10.616085;
41.92319309201325;12.670034734683552;162312086;10.483916;
41.92330307097505;12.669681384359674;162315075;10.55944;
41.923448486692514;12.669365259041571;162318060;10.204604;
41.92361254957313;12.669067147734575;162321067;9.610624;
41.92376958616968;12.668800120009717;162324082;9.484364;
41.92389628550083;12.668517682949155;162327080;8.902499;
41.92384827934951;12.66821304032216;162330054;9.0734825;
41.923657960210335;12.667991605831702;162333026;9.976718;
41.923390912511586;12.667866843504598;162336068;10.827697;
41.92309840675918;12.667731519200187;162339062;11.59764;
41.922810560937876;12.667593614046243;162342072;10.898453;
41.922578475685164;12.667463343267189;162345075;8.814326;
41.92239939646544;12.66724987300575;162348012;8.885582;
41.9223073642201;12.666956927465778;162351066;8.942214;
41.922306609000024;12.666620026914165;162354074;9.657771;
41.92234920921619;12.666258279902536;162357077;9.9546995;
41.92232339767272;12.665907178277127;162400070;10.062244;
41.92217508339072;12.665595404222755;162403050;10.391256;
41.92199759040023;12.66529160789398;162406023;10.793976;
41.92185863565093;12.66490551011957;162409065;12.349291;
41.92180996615098;12.664460914398237;162412123;12.54128;
41.92177479565963;12.66400045483273;162415022;13.193194;
41.92168282416079;12.663524133883234;162418064;13.849884;
41.92154619210789;12.66307261750613;162421040;13.095831;
41.92139832544084;12.66266243770843;162424070;12.316249;
41.92126510073247;12.662321938720444;162427053;9.005063;
41.92119335558654;12.662149799843952;162430076;3.1685658;
41.92115805620028;12.662059579822015;162433070;3.817825;
41.921103727399625;12.661913514838586;162436054;5.207862;
41.92104030017343;12.661744809468438;162439068;5.6526484;
41.92097267762498;12.661546994754598;162442059;6.252264;
41.920943323710006;12.661461312672877;162445071;0.95223546;
41.920922166903104;12.661398010735645;162450057;2.6601515;
41.92086909921876;12.66123403413157;162453080;6.164573;
41.92079051096571;12.660988200461539;162456083;8.449098;
41.92068694957518;12.660635694995536;162459064;11.2159395;
41.9205732482978;12.660227877756613;162502087;12.67313;
41.92043658612511;12.659765045217222;162505057;14.353836;
41.92028675671647;12.659271514624479;162508061;15.047096;
41.92012141739881;12.658753206968475;162511035;15.78751;
41.91995615633177;12.658233835829884;162514058;15.703183;
41.91980968760107;12.657682537042323;162517080;16.472755;
41.919683971012525;12.657095232128952;162520056;17.17788;
41.91958461297092;12.656462481674064;162523087;18.153473;
41.919499031270256;12.655802915135821;162526070;18.352503;
41.91942884221365;12.655154273783168;162529053;18.767471;
41.91935535205303;12.654469037526846;162532091;18.352743;
41.919207940276976;12.653869210390363;162535090;17.162926;
41.91897237744856;12.653328231262432;162538082;17.29445;
41.918652845319;12.652867502258694;162541061;17.526886;
41.9182381814401;12.652508295066585;162544060;19.880672;
41.91781345959688;12.652380004845417;162547080;16.47807;
41.917390537600795;12.652281540700791;162550085;15.736155;
41.916986717888236;12.652177704671697;162553062;15.156619;
41.91660632331183;12.65203288010534;162556056;14.652295;
41.9162532952712;12.651830796348804;162559055;14.131678;
41.91592656060753;12.651595436666518;162602071;13.693884;
41.915626747605856;12.651323484781482;162605101;13.350879;
41.91535457239093;12.65102642635592;162608060;12.787201;
41.91511417118145;12.650759048418731;162611086;10.357674;
41.91492278628013;12.650633334970069;162614055;6.349516;
41.9147598777876;12.65051381970354;162617060;7.783847;
41.914529188058076;12.650407554440504;162620076;9.541273;
41.9142624278101;12.650233464313162;162623067;11.927603;
41.9139439019502;12.650084144914615;162626069;12.988063;
41.91360832005685;12.649932004430509;162629019;13.351292;
41.913282454366076;12.64974459058831;162632075;13.086126;
41.912980231878706;12.649539359866933;162635079;12.059547;
41.9127376168022;12.649393246255903;162638051;8.317277;
41.91259887867379;12.649332985460914;162641073;4.7667503;
41.91248056028109;12.649174724911836;162644101;7.307667;
41.91235443345781;12.648882387343077;162647082;10.223351;
41.912198172383086;12.648551405640019;162650085;11.629155;
41.91198905343064;12.648200818148549;162653069;12.282045;
41.91178726090969;12.647798780909811;162656083;13.33049;
41.91162228752392;12.647358596343567;162659086;13.741348;
41.91152325867139;12.64687653639333;162702060;14.21339;
41.91147428483166;12.64636469796854;162705062;14.112706;
41.91146223974358;12.645853148687282;162708063;14.016105;
41.911454546559185;12.645332749850102;162711051;14.408584;
41.91146190084043;12.644815575534198;162714061;14.455246;
41.91147887304024;12.644264231361722;162717051;15.407455;
41.91150502944987;12.643698371715573;162720057;15.9557085;
41.91155817716287;12.643110255044741;162723061;16.32615;
41.911619257432754;12.642523950121733;162726074;16.347355;
41.911654858378796;12.64195073585429;162729043;15.132139;
41.91165513810051;12.64146899544717;162732068;12.235744;
41.91162403115935;12.641096448074435;162735079;9.666619;
41.91157311148186;12.64081946054285;162738073;5.0106764;
41.91154623973706;12.640714972552479;162746060;0.0;
41.911511526165704;12.640610430208945;162749079;4.0400515;
41.91144774825336;12.640432624833155;162752046;5.829769;
41.91137542457314;12.64024754945313;162755080;6.151347;
41.91133050119276;12.640023758661068;162758061;6.7018886;
41.911367194879354;12.639749949505747;162801055;7.6646852;
41.91145851444686;12.639453689222861;162804072;9.437066;
41.91159178874459;12.639143558120411;162807071;10.263851;
41.91175024525301;12.638795427921593;162810074;11.717266;
41.9119237736912;12.638412103806498;162813086;12.73196;
41.91211180800428;12.638000833509428;162816058;13.683479;
41.912297836430305;12.637569163232211;162819073;13.852903;
41.91243156010314;12.63710330149222;162822071;13.512549;
41.912516825257136;12.63662672682431;162825080;13.71168;
41.91258930859017;12.636151399298937;162828068;12.787096;
41.91265554197712;12.635686475077085;162831075;13.355112;
41.91273505466175;12.635205851219661;162834059;13.540121;
41.912866383728996;12.634773778175445;162837056;12.093508;
41.91309591538479;12.634474967451773;162840072;11.388082;
41.91340561797002;12.634260439867338;162843066;13.401782;
41.91372249582749;12.634053353245882;162846063;12.63048;
41.91401156009334;12.633860626450096;162849070;10.521754;
41.914287425554555;12.633818883176888;162852078;10.534492;
41.914552856892854;12.633823383356507;162855046;12.975602;
41.91484241579847;12.633868276381358;162858048;9.099415;
41.91506239552169;12.633901338710091;162901053;7.255434;
41.91526992517005;12.633876208003354;162904046;8.505172;
41.91549697275378;12.633870670682532;162907075;9.086672;
41.91575028222314;12.63384350871754;162910061;9.826021;
41.916024145307496;12.633784393260019;162913075;10.669238;
41.91633627493888;12.633708673622165;162916071;12.139843;
41.91667242630985;12.633666980817866;162919057;12.693607;
41.917038039719124;12.633646169081732;162922020;14.041447;
41.91743535487712;12.633600127368153;162925069;15.15046;
41.917826391179474;12.63355440725595;162928054;14.300975;
41.91819612939167;12.633507545140013;162931047;13.674579;
41.91856260067512;12.633518962110596;162934086;13.483374;
41.918883612367516;12.633688875146552;162937068;12.791135;
41.919133075652724;12.634005134495121;162940069;12.933322;
41.91935499363287;12.634350611382327;162943080;12.077193;
41.91961093545796;12.634606958788288;162946071;11.886178;
41.91991610444351;12.634761753357653;162949100;12.659183;
41.920265565241756;12.634867969982633;162952085;13.516842;
41.92062524279375;12.634967143047763;162955078;13.390488;
41.920975323798395;12.635048953209509;162958071;13.1858;
41.92133189440542;12.635138354169658;163001070;13.445945;
41.92166980521587;12.635238374413406;163004062;12.344626;
41.92198760678972;12.635237220954272;163007071;11.87367;
41.92228890248206;12.635043095071126;163010069;12.940004;
41.9225424417455;12.634713170933887;163013088;12.743556;
41.92272064490776;12.634316563951412;163016069;13.002854;
41.92275962980753;12.633816059434347;163019068;14.078846;
41.922746834229486;12.633280931072283;163022043;15.012867;
41.92273650247229;12.632742577448454;163025043;14.453445;
41.9227248052212;12.632222105133208;163028069;14.247421;
41.92270142533222;12.631709143747969;163031070;14.158742;
41.92258473681253;12.631223321088456;163034058;14.032567;
41.92241079444228;12.630788417841154;163037047;13.202583;
41.922337254533815;12.630342645991867;163040061;12.361903;
41.92246979939291;12.62996757839085;163043058;11.42652;
41.92274153137396;12.629800811439745;163046055;11.312272;
41.92305936283735;12.629799725358845;163049054;12.136664;
41.92341050485934;12.629835076526636;163052063;13.274457;
41.92378135894255;12.629830050184259;163055052;13.888888;
41.92414917337632;12.62975524414503;163058052;13.935475;
41.924504010214726;12.629726368632031;163101064;12.614229;
41.92483381210298;12.629758416555958;163104070;12.162445;
41.92513579749994;12.62990811147029;163107070;11.532741;
41.925380312472825;12.630082082845625;163110067;9.337005;
41.9255729746833;12.630149328769695;163113063;5.073964;
41.925687316136354;12.630236729579078;163116072;5.405726;
41.92571494626171;12.630470216608915;163119066;7.0317245;
41.925637427884666;12.630752305520387;163122069;8.986033;
41.92555814263605;12.631094645687245;163125096;10.18065;
41.925577780679355;12.631476097443388;163128073;10.992731;
41.92564543661369;12.631899381943985;163131064;12.38661;
41.92572860274455;12.632376244016655;163134070;13.945871;
41.925810280709975;12.632881649638408;163137073;13.709937;
41.925885194965765;12.633362091401544;163140070;13.583327;
41.92595749498229;12.633833565118584;163143062;12.95324;
41.92602408673268;12.634265536670412;163146064;11.574315;
41.92608399192742;12.634669084427237;163149065;11.32728;
41.92618079871558;12.635062608838526;163152062;11.233855;
41.92639427512383;12.635359718018101;163155089;11.137175;
41.92658293904694;12.63556749616445;163158080;6.9029145;
41.92673003731686;12.635632373490804;163201057;5.305975;
41.92688941556052;12.635533969793633;163204069;6.8501935;
41.92704472128381;12.635412933756035;163207050;6.0376587;
41.9272117923521;12.635437491637967;163210061;7.154908;
41.927373956441095;12.63558895257441;163213068;7.1105385;
41.92755106744029;12.635692930671556;163216076;7.0989203;
41.92770364969108;12.63571346494745;163219021;4.3463497;
41.92777560498767;12.635680333889075;163222077;2.1296842;
41.92778858406085;12.63561928634231;163225062;1.3463137;
41.92783487159114;12.635581930818407;163324063;1.0569049;
41.92786600469584;12.635534612050488;163329080;0.88199866;
41.927885945904436;12.635472521697254;163336071;0.9908492;
41.927922931455335;12.635436482177095;163341067;0.99061704;
41.92796770557356;12.635429458763621;163346090;0.841274;
41.92801828586383;12.63541600395777;163352089;0.893514;
41.928073386820095;12.635384275726496;163401063;0.8930394;
41.92809568024638;12.635330996185017;163406080;0.87038624;
41.928145995620284;12.63527093252187;163414081;0.9426767;
41.92819430957098;12.635275824680043;163426101;1.1590084;
41.928204326555196;12.6352020325755;163550084;0.0;
41.928155561837286;12.635162635482573;163633080;0.0;
41.92811843662563;12.635128341165892;163748090;0.0020223898;
41.92807560704948;12.635109058156077;163824040;0.0061563;
41.92808441948415;12.635049901007795;163929061;0.061700344;
41.928078301693546;12.634990028798603;163955039;0.006157631;
41.92812320517833;12.634996052258312;164329075;0.02073346;
41.92815560466661;12.635038666077602;164456060;0.003631769;
41.928161387991125;12.6350990329279;164550073;0.0040184045;
41.92820551076046;12.635083835882055;164810022;0.015276921;
41.92825208884429;12.635047915479802;165308012;0.17668197;
41.92828981035478;12.634998967384506;165317983;0.39226794;
41.928296008861714;12.635063672809256;165451083;0.0686615;
41.92831490335554;12.635118634088274;165748031;0.25087026;
41.92829793062615;12.635178353365843;165931023;0.10275821;
41.92826382515499;12.635228722499033;165934012;0.55999553;
41.92822784773574;12.635273940939857;165937068;0.9204256;
41.928196764155636;12.635329254915884;165941058;0.8497824;
41.92818215755451;12.635393292915598;165944080;0.91308606;
41.92815206692747;12.635458798600302;165948069;0.9777198;
41.928130867109225;12.635513080118146;165952051;0.99765146;
41.92811108116513;12.635583486375713;165957075;1.0331442;
41.928054616431915;12.635593565938429;170002079;1.0396969;
41.92800873493198;12.635601600822545;170006066;1.0868106;
41.927963346811076;12.635607210292525;170010058;1.1157068;
41.927912878214585;12.635608435702299;170015054;1.0898913;
41.92787105173557;12.635636122505245;170020041;1.1170166;
41.92784313156617;12.635689864754003;170024057;1.1689887;
41.92779848567314;12.635679560365407;170029103;0.69612646;
41.927835496528154;12.635636910252272;170203046;0.10300424;
41.927846633570994;12.635573821643257;170224055;1.3306783;
41.927807791459465;12.635505543254846;170228064;1.5673031;
41.92770554210008;12.635465430990422;170231086;2.2341225;
41.92756327326239;12.635440895344246;170234054;2.8983822;
41.927408773549004;12.635346183674628;170237066;6.0669537;
41.92727143388703;12.635259224959134;170240064;5.451129;
41.927099394378295;12.635293947480509;170243033;7.3738575;
41.92694372779339;12.635393722513465;170246022;5.675736;
41.92682507943221;12.635477429784753;170249031;4.3542323;
41.92673142981202;12.635528566759918;170252021;3.4306202;
41.9266802094438;12.635544528772673;170255046;0.75440246;
41.92660395923995;12.635494014244987;170258056;4.4363394;
41.92648819697025;12.63534288292047;170301079;6.363477;
41.92632627364048;12.63514326820545;170304081;8.79477;
41.926167563170424;12.63486202238126;170307059;10.759434;
41.926087496586426;12.63445836060291;170310066;11.794942;
41.926016910187656;12.6340197809698;170313089;12.708098;
41.925943760218495;12.633555431885506;170316068;13.065766;
41.92587171690612;12.633108128865823;170319047;12.304875;
41.92580448651062;12.632673257570183;170322048;12.127119;
41.92573394602943;12.632221706223058;170325008;12.932355;
41.92565493881536;12.631746953671037;170327991;13.301141;
41.925592171308615;12.631307003333514;170331004;11.452312;
41.92561426378319;12.63095583601207;170334000;9.251569;
41.9257030711917;12.630651698435218;170336983;8.76119;
41.92578058684251;12.630410696845725;170340063;6.750891;
41.92588673973374;12.630204245363219;170343060;6.7925086;
41.925915008069516;12.629976072068631;170346069;5.9024143;
41.92575480101359;12.629885994721619;170349046;6.989082;
41.92555108714122;12.630028478095717;170352068;8.123911;
41.925317708407995;12.62997915544244;170355103;9.404238;
41.92505385489741;12.629797857783498;170358059;11.36122;
41.92471740404206;12.629696396805116;170401070;13.191918;
41.9243353073637;12.629699054959937;170404068;14.564166;
41.923924758584775;12.629774770881298;170407046;15.475663;
41.923501759402065;12.629802949511127;170410015;15.63271;
41.92308815922827;12.629768440038097;170413047;14.8043165;
41.92272858694659;12.62976129187297;170416081;12.242833;
41.922434195329046;12.62996357767798;170419069;12.619029;
41.922323708964754;12.630440829935274;170422059;14.954831;
41.922483362596644;12.63100655445987;170425058;17.254309;
41.922662722090244;12.631565838020727;170428053;16.597176;
41.922701543171364;12.632172673792832;170431059;16.947144;
41.92271479228989;12.632793725654716;170434053;17.273172;
41.92273314113715;12.633404139516086;170437091;16.589987;
41.922742335372966;12.633991641659756;170440050;15.905139;
41.92263709362295;12.63450818896756;170443039;14.66409;
41.922348210337596;12.634903544003665;170446049;14.282674;
41.92203135576952;12.635171304847109;170449057;13.656765;
41.92166366597351;12.63518650735227;170452082;13.529636;
41.92129727594539;12.635088549821594;170455056;14.021431;
41.92091614464317;12.634989665087337;170458024;14.555033;
41.920519703234085;12.634879595464572;170501067;14.956814;
41.920122800319675;12.634761105489405;170504023;15.167258;
41.9197397908949;12.63461996444909;170507069;14.321295;
41.91940841595981;12.634381482465008;170510054;13.677023;
41.919151664848656;12.633992847575273;170513057;14.145623;
41.9188956600737;12.633637080788942;170516068;13.410854;
41.91856539817703;12.633448528784344;170519068;13.042079;
41.918200753394956;12.633443262857064;170522049;13.624634;
41.91785212178223;12.633496021500562;170525067;12.926026;
41.91749483850831;12.633548956671955;170528017;13.508668;
41.91712618501456;12.633591851404715;170531052;13.468598;
41.91676815088312;12.633599762522017;170534046;13.283892;
41.916408300200494;12.633596308791061;170537076;12.700695;
41.916084639532826;12.633678196065517;170540044;11.710936;
41.915798892469866;12.633755822943334;170543052;10.015843;
41.91556826397108;12.633769257550398;170546063;7.8116927;
41.9153715941875;12.633673631848831;170549072;7.9762974;
41.91516285528606;12.633560582250796;170552064;7.676461;
41.91498938836211;12.633577435352514;170555060;5.821646;
41.91492026892884;12.633735506991576;170558061;3.7317255;
41.91482135570969;12.63381754731542;170601053;6.192981;
41.91412588206998;12.634006834127707;170609064;10.500321;
41.91383517945107;12.634009215504475;170612054;12.674298;
41.9135058943572;12.634222553179113;170615065;14.092012;
41.9131580149589;12.634445830604285;170618058;14.3411;
41.912834958784124;12.634727065850646;170621082;14.201896;
41.91268871523016;12.635212223768281;170624056;14.556633;
41.91261009621676;12.635726499004399;170627051;13.316057;
41.91253693493113;12.636196451745702;170630068;13.22413;
41.912473450764004;12.636669402602786;170633066;13.870206;
41.91237197790399;12.637156555219866;170636059;13.650376;
41.91223683526283;12.637633748149073;170639073;13.970023;
41.91206150188065;12.638053952736321;170642061;12.943277;
41.91189487767298;12.638426926883694;170645037;11.495676;
41.911743398129914;12.63875525848718;170648051;10.262687;
41.91161259956052;12.639046676520318;170651066;8.96073;
41.91152667772973;12.639254306009118;170654067;5.1143427;
41.91148245932733;12.639347356853452;170657065;2.1800559;
41.911456679551286;12.639407778302964;170700071;1.8055153;
41.911428397555426;12.639469207831235;170703059;2.0435455;
41.91140429818406;12.639523713756883;170706067;1.4887911;
41.9113751295551;12.639575920445232;170710069;1.3888493;
41.91133334319368;12.639626333595597;170714060;1.493562;
41.91126041150088;12.639670224008041;170723059;2.0192049;
41.91115441907875;12.639723270849448;170726069;4.616329;
41.91105501598304;12.63986039156109;170729057;6.578817;
41.91115817332149;12.640104421293799;170732075;8.872862;
41.91134302721038;12.640345076361038;170735065;9.916257;
41.911462473585495;12.640688932421227;170738074;10.667443;
41.91154744893352;12.641068021747156;170741029;11.06559;
41.911592735397896;12.641486899237327;170744035;11.776935;
41.91158946060012;12.641930231311884;170747066;12.401883;
41.91156485289242;12.642400331779454;170750065;13.064838;
41.91152473260504;12.642887611811522;170753053;13.665928;
41.9114755550236;12.64338531961027;170756069;13.947179;
41.91144303725346;12.643889339653002;170759061;13.838642;
41.91143102471592;12.644383542750607;170802067;13.630085;
41.91141908526417;12.644853313283905;170805055;12.273136;
41.911412047037395;12.645283410101095;170808050;11.84883;
41.91142198116445;12.645720490763091;170811043;12.23606;
41.911434621994744;12.64618191468627;170814052;12.929399;
41.911464853248546;12.646656021771026;170817025;12.959452;
41.91152231418998;12.64709638228469;170820050;11.91681;
41.91161998016447;12.64750349409131;170823045;12.020135;
41.911775034846386;12.647888994928643;170826048;11.985926;
41.91196214941945;12.648240361062957;170829050;11.830515;
41.91211944138666;12.648518704847454;170832059;8.237518;
41.91222681898632;12.648705665374296;170835052;5.9275513;
41.91230115682053;12.648838256181147;170838056;3.9790745;
41.912334441540985;12.64899166665757;170841051;5.17306;
41.912266763303265;12.649193968852618;170844069;6.6650195;
41.9121919773526;12.649397942045399;170847053;6.236338;
41.91226070839999;12.649614779231532;170850054;7.112954;
41.912458653588416;12.649637174749339;170853068;7.815252;
41.91264386064904;12.649489715035402;170856056;7.9497323;
41.91287105596854;12.649530664426846;170859060;9.473465;
41.91313097969848;12.64970644312878;170902069;11.578272;
41.91343102686958;12.649903807565146;170905072;12.819595;
41.91376442954501;12.650074493769612;170908076;13.584114;
41.91409672934518;12.650216747693342;170911090;12.09533;
41.91435751259936;12.650360220844693;170914069;9.644096;
41.914467020404125;12.650632706980165;170917071;8.792733;
41.91454892794541;12.650922216847455;170920059;8.396974;
41.91475083557643;12.651003306461824;170923066;8.507009;
41.914929139533584;12.650834398000198;170926077;7.3857727;
41.91510811924511;12.650860538962252;170929055;7.5260067;
41.91529933518923;12.651073009830561;170932078;10.26999;
41.91555554427779;12.651352781419472;170935070;13.137076;
41.91587047253219;12.65166351157048;170938055;15.348523;
41.9162561615715;12.651948171632387;170941057;16.65406;
41.91668137092751;12.652178332111239;170944080;17.118315;
41.917136480842686;12.652336767190977;170947034;17.602608;
41.91761300166097;12.652449926809789;170950043;18.037745;
41.918093982872215;12.652596880430567;170953060;18.398073;
41.918552368401336;12.652843030990732;170956038;18.835556;
41.91891486894211;12.653260066599115;170959038;18.334862;
41.91916106830133;12.65384956862386;171002049;17.851746;
41.919318326315974;12.654449600702907;171005038;17.579033;
41.91939320323652;12.655079001460956;171008041;17.308811;
41.91947090585256;12.655673834851221;171011060;16.317612;
41.91954337652459;12.656296645436097;171014068;17.529253;
41.91961552265455;12.656952940514376;171017056;17.641043;
41.919741773401036;12.657572794419051;171020055;17.716278;
41.91990853343093;12.65815495036496;171023060;17.038452;
41.92008900975059;12.658716082879163;171026093;16.609102;
41.92025944562345;12.65924664360228;171029065;15.842124;
41.92041839047758;12.659754471942717;171032075;14.420759;
41.92056291186294;12.660220572301105;171035075;13.575545;
41.92068966953886;12.660701150533615;171038066;14.114796;
41.920832789502114;12.661176689094054;171041061;14.294819;
41.92098588022473;12.661645195557238;171044065;14.201606;
41.9211587633542;12.66211939056938;171047063;14.745377;
41.92134663597458;12.662594563807705;171050044;15.015065;
41.92152603050527;12.663080587918587;171053070;15.1127;
41.92167199093367;12.663588715796665;171056069;14.828118;
41.921761849524856;12.664091980286443;171059058;14.196285;
41.92178258724779;12.664598975350717;171102071;14.073828;
41.92186217759369;12.665090250963669;171105052;14.157297;
41.92204494377219;12.665499737314427;171108063;12.541095;
41.92223855419133;12.665844093431703;171111053;11.642529;
41.92230250131445;12.666247061513914;171114055;11.433964;
41.92227210563721;12.666635487234;171117076;10.220128;
41.92225434079801;12.666953430221392;171120069;7.5578337;
41.92218024527996;12.667186867599188;171123063;7.43232;
41.92214554202748;12.667446495246928;171126049;7.6789007;
41.92228498573704;12.66760190726683;171129056;6.911703;
41.922488046556495;12.667561472555949;171132063;7.458012;
41.92271995177232;12.667627164760932;171135044;9.798403;
41.92299663053777;12.667764929485859;171138073;11.65739;
41.92331490532596;12.66791479546521;171141064;12.546982;
41.92361540780342;12.668054421430503;171144074;11.287846;
41.923842122244004;12.668244016009114;171147052;9.6238365;
41.92390132381182;12.668572767582443;171150081;9.415084;
41.923740246260074;12.668866236751153;171153039;9.940163;
41.92355533996602;12.669141231118587;171156087;10.535682;
41.92338716916546;12.669445503148705;171159054;10.334986;
41.92322630836888;12.669804743575355;171202065;11.592143;
41.92310856448042;12.670197933708604;171205053;11.412362;
41.923074095979636;12.670623023436328;171208066;11.978668;
41.923055036845135;12.671019405377365;171211087;10.297014;
41.923044828840865;12.671356322722673;171214047;8.6698675;
41.92302883725634;12.671640934344316;171217072;7.9447985;
41.92301485524387;12.671968526638707;171220020;9.568674;
41.92304216181114;12.67235529920285;171223054;11.287615;
41.92312042347398;12.672759580230615;171226051;11.384695;
41.92320123528437;12.673141317354217;171229048;10.84726;
41.92323457206789;12.673488613233483;171232060;9.077817;
41.923093847213835;12.673789743132325;171235053;10.398852;
41.922786422192615;12.673933075331076;171238058;12.37269;
41.92243925164877;12.674081164725257;171241061;13.57027;
41.92210340563872;12.674295331881893;171244062;13.42521;
41.92186380586792;12.674549009068365;171247057;9.957047;
41.92175474712789;12.674781006438007;171250078;5.9040313;
41.92172063378852;12.675001416739828;171253064;7.548859;
41.921691175103646;12.67533127544297;171256093;10.035331;
41.92175220969275;12.675727041941943;171259041;11.965453;
41.92187653406172;12.676156365925056;171302070;12.690098;
41.922036084168724;12.676520139069918;171305054;10.614778;
41.92211749918147;12.676792403435986;171308059;7.54672;
41.92197528537094;12.677018189014612;171311056;9.091256;
41.921738588375604;12.677175787115624;171314063;10.797855;
41.92143704941008;12.677353870020738;171317072;13.089902;
41.9211200099935;12.677644972873548;171320052;15.393775;
41.920820440328455;12.678096189312717;171323060;16.211823;
41.92051009308443;12.678522249078005;171326057;15.865669;
41.92026440323618;12.678993332896665;171329076;15.747084;
41.920044965513725;12.67947495756468;171332054;15.481844;
41.919830824304384;12.679939607381227;171335068;14.801241;
41.91967614780707;12.68041275553976;171338059;13.948087;
41.919609020331805;12.680889130172345;171341072;13.068747;
41.919538289204795;12.681335770826404;171344064;12.313265;
41.919332310111315;12.681673933210686;171347075;12.54653;
41.918984794575806;12.681798416436282;171350060;13.741777;
41.9186183334471;12.681901424850492;171353067;13.554786;
41.918266592798545;12.681957537055247;171356053;12.563382;
41.91796456280299;12.681985505529163;171359041;10.347943;
41.91774789201822;12.682068265743524;171402057;8.361973;
41.917697625411876;12.682398190595304;171405025;9.524023;
41.91766040895981;12.68277816136831;171408061;11.084468;
41.91762257911904;12.68318227992929;171411060;11.012344;
41.917568979929065;12.683569264623292;171414054;10.697226;
41.91739544152792;12.683862430846483;171417037;10.362902;
41.917158363274275;12.684044689993716;171420084;10.075288;
41.91692782964833;12.684196925935465;171423082;9.074126;
41.916703275379064;12.684343574115973;171426087;9.257308;
41.916478321442746;12.684481299288784;171429060;8.912882;
41.916256715938424;12.684623025374403;171432075;9.098546;
41.91603352420501;12.684774722992357;171435049;9.390433;
41.91580229970512;12.684917388266134;171438063;9.678925;
41.9155582803617;12.685073344866511;171441057;10.017129;
41.91534424213094;12.685203560946581;171444077;6.5810924;
41.91525112659743;12.68525754957713;171447041;2.4769776;
41.91519904331339;12.685286669526274;171458044;1.8135743;
41.915107526610385;12.685345343959558;171501057;4.0038514;
41.91500319891787;12.68540992658283;171504010;4.799396;
41.9148518579717;12.685503289389;171507046;6.7947764;
41.91466288964432;12.685626559644392;171510055;8.129553;
41.914458883909006;12.685762156691405;171513045;9.000994;
41.914220708284624;12.68591504850801;171516062;10.090079;
41.91398465457007;12.686064312455317;171519063;9.395338;
41.91374263007469;12.686215627883689;171522027;10.147153;
41.913494505323975;12.686367965375025;171525063;10.194176;
41.91323927289393;12.686525028959165;171528057;10.41988;
41.91299180628907;12.686673347999438;171531048;9.696695;
41.91277043627091;12.686818654497277;171534061;9.013198;
41.91259575231532;12.686927423886065;171537045;5.220169;
41.91253588319644;12.68696243109639;171540063;1.2898941;
41.91249915315414;12.68700428499036;171553057;3.7823849;
41.912551066799814;12.687228077570547;171556059;7.635857;
41.912687502461495;12.687572512025039;171559073;11.944046;
41.91286916241047;12.687985430644746;171602048;13.201036;
41.913050036884265;12.68838781500187;171605054;12.900995;
41.91322272613483;12.688784992884209;171608064;11.950994;
41.913346759100634;12.68907800363823;171611044;8.065448;
41.913410157669425;12.689229183389175;171614064;3.6904871;
41.913395614312485;12.689312775092066;171617063;2.1007283;
41.913344195265765;12.689316253396177;171620071;1.5111276;
41.91334786858226;12.689202226562067;171822068;0.0;
41.913370739356886;12.689273303039968;171852082;0.88242084;
41.91341628941351;12.689269758606825;171858074;1.1632682;
41.913454024660744;12.689307477686668;171904033;1.1181104;
41.913483976150175;12.689360864720003;171909082;0.9830801;
41.9135334839433;12.689364473262405;171915062;1.264827;
41.91357892217616;12.689383286728184;171920065;0.90516675;
41.91362322925086;12.689336502288063;172034055;0.8921079;
