41.913882515926964;12.689374181723794;074618656;0.0;
41.91380229643984;12.689414299126604;074638708;0.0;
41.91376346021615;12.68944502474597;074655642;0.39000764;
41.91372624311215;12.689480879425643;074704737;0.7111908;
41.9135753443714;12.689350013407143;092838204;0.0075578517;
41.913621768388225;12.689310632566452;092845144;0.4471973;
41.913662562880674;12.689274948354381;092851165;0.45186687;
41.91370229736381;12.689243880113317;092857161;0.9190858;
41.913698318931495;12.689161233903054;093006209;0.013939376;
41.91354525817852;12.689383607879918;093223121;0.78495973;
41.913522318958066;12.689103773373605;093235170;9.760478E-4;
41.913638012029146;12.689311014048133;125155321;0.155129;
41.91354739631114;12.689307973204016;131044366;0.13920364;
41.913722895727126;12.689258395656493;131059361;0.2905244;
41.913697128542175;12.689310135054328;131121406;0.1802403;
41.91352749575804;12.68953334259024;131532292;0.24731295;
41.9135636870596;12.689496703373313;131543360;0.19341885;
41.91356783689121;12.68943603219812;131606353;0.14712094;
41.91362021304233;12.689451865202441;131711376;0.07555623;
41.91358305713297;12.68939455662633;131753342;4.0507922E-4;
41.913541716722776;12.68939739791405;132920457;0.25422204;
41.91356190663943;12.68934096225509;132931422;0.19164905;
41.91359460621321;12.689296576412307;133037410;0.18590142;
41.91362790207188;12.68925313530149;133047420;0.091311134;
41.9136350505744;12.689320386966768;133139440;0.0013034347;
41.91360341129106;12.689363442118823;133154404;0.018568007;
41.91351454395524;12.689325302230497;133522398;0.3155839;
41.91364017678032;12.689348270874115;145345378;0.15063454;
41.91360114498265;12.689379948218784;145356382;0.030313872;
41.91356553754599;12.68933804823606;145404432;0.94553965;
41.91351604602593;12.68932297535452;145409433;0.894089;
41.91346746265102;12.689293783757083;145413426;1.024177;
41.91341865096046;12.689287005429696;145417461;1.0886508;
41.913368483090835;12.689284852613905;145425423;0.8690237;
41.913322073939796;12.689256519747902;145429415;1.2199277;
41.91329847042376;12.689201791620546;145433437;1.2291361;
41.91334189834009;12.689218233050203;145523432;0.47796336;
41.91336112995093;12.68928183798637;145642417;1.1136829;
41.913406303943155;12.689261624443864;145645426;1.4807085;
41.91343554312909;12.689208872666848;145650405;1.9450965;
41.91339757168595;12.68904881107289;145653426;4.0962768;
41.913310493818614;12.68884557487498;145656376;7.481253;
41.91318315005567;12.688556292900254;145659458;10.047703;
41.91304113853228;12.688248527063928;145702449;10.160728;
41.9128917291336;12.687915089471042;145705392;11.085293;
41.912730244526095;12.687555329023676;145708415;11.464606;
41.91260700580238;12.687255059616795;145711414;8.3980255;
41.912549766424604;12.687106408964867;145714374;2.8762345;
41.91252889993025;12.68705034169775;145719374;0.81827146;
41.91247985348438;12.687010866626197;145726415;3.6404028;
41.91235178201637;12.687060413376052;145729448;5.5323067;
41.912192275077594;12.687167392132569;145732387;7.7158628;
41.91197999915332;12.6872807298737;145735409;9.195446;
41.911734030105684;12.687432305434122;145738407;10.666271;
41.911443197849415;12.687634128675821;145741388;11.849126;
41.91114377359769;12.687835905281181;145744443;12.336063;
41.91083339779997;12.688048806229892;145747385;12.993904;
41.91052383648927;12.688255131910312;145750378;12.622968;
41.91031839704881;12.688387927623126;145753346;12.524467;
41.9099820229328;12.688607138638998;145756373;7.960319;
41.90989870240943;12.688666825447676;145759394;2.8118463;
41.90981150926529;12.688733224137703;145802434;4.7130537;
41.909646467583336;12.688850440709677;145805414;8.251322;
41.9094245395609;12.689032956321116;145808442;10.06534;
41.9091652521511;12.689259213368322;145811416;12.119657;
41.9088727277397;12.689502697708065;145814409;12.578277;
41.90859383845835;12.689745186550363;145817417;12.192016;
41.90832252354262;12.689972588315982;145820422;11.676598;
41.90808003379501;12.69017951089035;145823426;10.028198;
41.907882510678;12.690328338162809;145826429;7.0224195;
41.907787953282174;12.690395765158975;145829418;3.017282;
41.907743431483176;12.690415817007874;145848439;0.31326723;
41.907696663494534;12.690441617674665;145857393;0.9014523;
41.907688681774836;12.690510850302143;150028385;1.8506886;
41.907639581018245;12.690560956794231;150031416;3.0525694;
41.90754833517701;12.69064303906103;150034415;4.3743734;
41.90746174582131;12.690710046524558;150037375;3.1410384;
41.90740360798406;12.690737168703796;150040377;1.8810548;
41.90735191647321;12.69076507749581;150046399;1.2547112;
41.90731530271173;12.69081674651335;150635447;1.3627503;
41.90725550415433;12.69087279404224;150638407;2.189162;
41.907186751226185;12.690932527628977;150641399;2.5977077;
41.90713263805898;12.690975854764309;150644406;2.5351388;
41.907053736112935;12.691042579237793;150647393;2.706385;
41.90700005662449;12.69108343815871;150656368;1.8608176;
41.90689187345238;12.69118974275179;150659371;4.4648337;
41.90676744112564;12.691300650820777;150702419;5.2899427;
41.90667511505178;12.69137778898587;150705403;2.3784316;
41.90661948052013;12.691425953826307;150710372;2.8670204;
41.90653139436272;12.691505297984158;150713371;4.399984;
41.9064120650797;12.691596608779312;150716437;5.5852747;
41.90627604356211;12.691706491398822;150719424;5.2179756;
41.90616891411735;12.691711903665107;150722374;3.9404285;
41.90607689640119;12.69158812986589;150725371;6.293953;
41.90595254032976;12.69133344353109;150728375;8.439637;
41.9058092109087;12.691022988297625;150731378;10.20046;
41.905649714058065;12.690704244391068;150734400;10.54665;
41.90548383930195;12.69037982311563;150737433;10.340778;
41.905331863631176;12.690076708062026;150740369;9.927588;
41.90521412651167;12.689851467160366;150743424;6.060031;
41.90513908808766;12.689709877251408;150746437;3.3289008;
41.90513884439809;12.689616249454787;150749410;2.5566435;
41.905255911381396;12.68952652047998;150752394;6.060196;
41.90544867892475;12.689394430925446;150755366;8.881102;
41.905675794346045;12.689170111538564;150758425;10.710237;
41.90589523317929;12.688881132247815;150801372;11.5523615;
41.906125322311574;12.688573001656982;150804411;11.917083;
41.9063468792208;12.688305591881052;150807412;11.289776;
41.906642243400945;12.688076336319082;150810395;12.943273;
41.90689469547215;12.687758806511772;150813421;12.947526;
41.90707789538017;12.687394793308473;150816407;11.622988;
41.907163784104995;12.687047070407901;150819420;9.597096;
41.90709547832753;12.686712058540694;150822367;10.329047;
41.90685318454803;12.686474879552424;150825424;11.68213;
41.906533018093796;12.68632920590615;150828409;12.3994055;
41.90623602612778;12.686150462786493;150831412;11.156914;
41.90604835808411;12.685817257078455;150834381;11.23655;
41.905879523336125;12.685482521453135;150837411;10.8607645;
41.905716899120904;12.685172852199441;150840406;10.262563;
41.90555604747472;12.684896255209999;150843411;9.395521;
41.905389869194885;12.684658712900342;150846423;8.853951;
41.90526011212587;12.684478244918;150849379;5.02758;
41.905228636010385;12.684386561526031;150859406;0.9240005;
41.90522021387146;12.684320440835453;150902414;1.4105804;
41.905196119440156;12.684260788361513;150908415;3.0827475;
41.90506549886717;12.684189594753281;150911405;6.3441834;
41.90484861666748;12.68413159231787;150914385;9.380489;
41.90455930645905;12.684057798746489;150917380;11.34882;
41.904252464644756;12.683975188522087;150920411;11.478281;
41.90395328608832;12.68392876726977;150923418;10.980355;
41.90370620384805;12.684068452904574;150926416;9.362489;
41.903556955592585;12.684189449871479;150929423;4.9990873;
41.90340864617274;12.684170017640712;150932423;6.995333;
41.903274102123284;12.683837294486109;150935420;10.421294;
41.90314102832692;12.683417827184837;150938438;11.981482;
41.903001273871475;12.682998477597167;150941428;11.438086;
41.90286052085541;12.682610820358361;150944417;11.868868;
41.902721950524864;12.682210505141745;150947436;11.640071;
41.90255817433182;12.681781369951208;150950386;13.371821;
41.902392592379364;12.681342284118996;150953423;13.61368;
41.90225063040113;12.680912587254833;150956409;12.520486;
41.9021036591095;12.680519447838888;150959420;11.781659;
41.901961673843005;12.680144271409299;151002431;11.446289;
41.901828089040016;12.67976758825735;151005419;11.416368;
41.901700003771715;12.679387008448177;151008437;11.256772;
41.901572107523;12.679016601966058;151011434;11.1845455;
41.901453028374405;12.67866030415075;151014429;10.087738;
41.90132900338019;12.678341669256337;151017429;9.50074;
41.90121967825563;12.678089945446125;151020412;7.5431123;
41.9010554618035;12.678007315522565;151023416;7.04022;
41.90085089238093;12.678129164494361;151026405;8.470466;
41.90062030826037;12.678262602331179;151029439;9.474361;
41.900382034159314;12.678417488437992;151032453;9.724412;
41.900143600105835;12.678570065451533;151035378;9.672158;
41.89990604123447;12.678712923258068;151038411;9.516854;
41.899683249562194;12.67885298953313;151041412;9.023767;
41.89945799273647;12.678998521824134;151044375;9.204479;
41.89925780956243;12.679134214408947;151047420;7.411323;
41.89908982618244;12.679232116683371;151050410;6.7137938;
41.898913038175124;12.679333772767778;151053406;7.430516;
41.898746804010194;12.679460643875643;151056408;6.218845;
41.898609587965446;12.679549090427033;151059414;5.416704;
41.89843444719008;12.679667322505315;151102415;8.81661;
41.89820949983532;12.679798750967983;151105419;9.504929;
41.89797078347707;12.679946428627003;151108419;9.908582;
41.897724031115416;12.680093017673924;151111421;9.968737;
41.89750394763922;12.680214843171509;151114421;8.160171;
41.897341565954434;12.680317837983736;151117389;5.608688;
41.897244839683616;12.680326734196576;151120434;3.281061;
41.89717210711487;12.680168371881383;151123423;6.1773467;
41.897103830050874;12.679907222371154;151126401;8.436033;
41.89701059890575;12.679602907959742;151129393;9.167285;
41.89690691740841;12.679261897666034;151132385;10.400025;
41.89680620165905;12.678914671851365;151135383;10.2954;
41.89668410897058;12.67855756973802;151138406;10.902014;
41.896562342990094;12.678188100296126;151141422;11.243061;
41.89644949600522;12.677821332287335;151144420;10.842344;
41.89633251951774;12.677469680456227;151147384;10.244024;
41.89621666123866;12.677127766129264;151150417;10.3040495;
41.89610312618652;12.676794261086272;151153440;10.11034;
41.89599724493618;12.676476352109017;151156423;8.327092;
41.89595327459793;12.676314452556113;151159401;2.949594;
41.89593622998755;12.676257646868933;151231409;1.0386671;
41.8958929008474;12.676150126374477;151234411;4.592133;
41.89582356930654;12.675952564558427;151237413;6.8870397;
41.89573416637162;12.675673202470175;151240412;8.733062;
41.89565275105985;12.675437850341698;151243433;6.0594544;
41.89560208539482;12.675283600613865;151246413;4.2429543;
41.89551579268878;12.675206563295465;151249413;4.972036;
41.895336680414616;12.675282065935518;151252429;8.090568;
41.89512441447078;12.675409446616083;151255391;8.317367;
41.894945809692686;12.675505640481695;151258434;6.5565176;
41.894828605227595;12.675581353683079;151301438;3.5892158;
41.89482875453042;12.67564350694786;151427415;1.0944604;
41.894837408190114;12.675704493318971;151432393;1.1441782;
41.894816821819;12.675759990332917;151437419;1.2721021;
41.89477766173916;12.675809582602957;151442419;1.0197693;
41.894743590956175;12.67585560405089;151446440;1.3346868;
41.89469638382723;12.675871940794304;151451419;1.0095297;
41.89466513126067;12.675948170671898;151503392;0.8801277;
41.89468110032985;12.676008468305255;151508416;1.2280447;
41.89470199608039;12.676063985797997;151511416;1.0070547;
41.89470489121266;12.676128330824179;151516423;1.0916209;
41.89472882140113;12.676189730430243;151520417;1.151177;
41.89474614974594;12.676250027052257;151525418;1.536478;
41.8947639179115;12.676308991004362;151529404;1.1289239;
41.894786151560524;12.676367712216019;151533419;1.1552538;
41.89481607578389;12.676418075746136;151537421;1.4037558;
41.894847519612306;12.676471438318897;151545412;1.305261;
41.89489459960399;12.676445924104486;151549409;1.4284668;
41.894939253221004;12.676412573944164;151553413;1.3109925;
41.894993209797896;12.676396618412026;151557431;1.3543013;
41.89504108912892;12.676374458991162;151601411;1.3247824;
41.895085031033396;12.676352084291887;151607419;1.4578569;
41.89513301926454;12.676371045417696;151617419;1.1568002;
41.895216406125655;12.676364029920178;151634411;0.0;
41.895188050839906;12.676305996075001;151717419;0.9291011;
41.89512551828839;12.676332226705421;151723420;1.3786511;
41.89508432783132;12.676364102804826;151727403;1.2607712;
41.8950377241699;12.676407122967914;151732408;1.1496882;
41.894993793539584;12.676430538563451;151737417;0.9334634;
41.894934900085346;12.676487196091559;151743436;1.3269496;
41.89486674396438;12.67643197124156;151758413;1.3021592;
41.89481952394197;12.676424404238968;151829411;0.4618581;
41.89477199210204;12.676428904093806;152119338;0.36052075;
41.894723275284136;12.676424296971035;152123417;0.99691236;
41.894676307991666;12.676396456749766;152133410;0.67548513;
41.894623397917876;12.676402970012594;152138412;1.2332649;
41.894591296078;12.676451208107947;152142412;1.2626405;
41.89455196778881;12.676488710516717;152146408;1.2703938;
41.89451366339314;12.676534732172673;152150406;1.2754201;
41.89446764650173;12.676584561782333;152154428;1.2949541;
41.89442195852391;12.676610537591149;152159407;1.2273117;
41.8943791270862;12.676653332438494;152208451;1.2415453;
41.89432518090846;12.676691803290321;152212422;1.436325;
41.89428407246344;12.676741139472279;152216426;1.3703663;
41.894274066766464;12.676803078871625;152221419;1.2146475;
41.89430866726668;12.676852314485949;152225414;1.2319124;
41.89433458820125;12.676905188258457;152229416;1.2623088;
41.89435949553333;12.676963563563048;152233419;1.2755704;
41.894382872985375;12.677023275281412;152237428;1.2809114;
41.89439350057045;12.677083048024596;152252416;0.13103479;
41.894385643837225;12.677013651461106;152611410;0.32702768;
41.8943570985456;12.676952081858946;152617405;0.6630401;
41.89432780395237;12.67690600163366;152623405;0.7092455;
41.89430432726569;12.676844102461919;152629411;0.78218806;
41.89427236586068;12.676799023962472;152633432;0.9186692;
41.89427441990286;12.676729229633152;152637411;1.055463;
41.894322312879424;12.676695975493972;152641411;1.1240805;
41.89437476105898;12.676663333239494;152645417;1.2177863;
41.89441499060382;12.676635688186115;152649418;1.2036824;
41.89445703053992;12.676611126901676;152657410;0.3573813;
41.89445132026642;12.676527398041358;152702412;1.5990759;
41.894449828669;12.676467130945543;152705417;1.6318073;
41.89443263093177;12.676396709236599;152710412;1.4918581;
41.894418836333784;12.676335504186023;152715402;1.3278824;
41.89446739133039;12.67633871965045;152736418;0.7769768;
41.894522425468026;12.676346905850838;152741411;1.1186044;
41.894578318046285;12.676346356603405;152746418;1.1778364;
41.894622834914564;12.676334500599198;152750422;1.214943;
41.89466432198723;12.67630796955202;152755432;1.1247203;
41.89470140272104;12.676265632543078;152800377;1.1020153;
41.89470998465838;12.67620606445665;152806436;0.6254877;
41.894745823415455;12.67626083533342;152825418;1.2731481;
41.89477176315673;12.676318136181086;152829413;1.3868945;
41.89479665476555;12.676372063256506;152833415;1.3275634;
41.8948295497204;12.676418637470618;152845417;0.6756053;
41.8948533756667;12.676477114591956;152849411;1.0714176;
41.89486916252647;12.676546393827428;152854405;0.9922514;
41.894882649684845;12.676609943145921;152858416;1.0407991;
41.894845282826644;12.676647768753845;152903392;0.06609939;
41.894877925410036;12.676605129046948;153044371;0.023960538;
41.89483120922949;12.676580606859595;153052400;0.86282796;
41.89477675461798;12.676594050326054;153058433;0.7636779;
41.89473118125492;12.676613616598978;153102412;0.03718652;
41.89472300216158;12.67667437169601;153121415;0.032420225;
41.89469235054916;12.67672325891114;153132404;0.35299483;
41.89469783235421;12.676783796489538;153253377;0.00683537;
41.89466044550641;12.67674723725054;153415381;0.015550835;
41.894677353356414;12.676678245998668;154000391;0.4426309;
41.89472421690224;12.676638864778322;154005413;0.47779208;
41.89477242602403;12.676609731061003;154009377;1.0498997;
41.89481810394704;12.676568760725408;154013410;1.1534011;
41.89486754246262;12.676597474677157;154018418;1.1259863;
41.89483056742508;12.676633519684254;154024420;0.71911323;
41.89486094959885;12.676583973910265;154133398;0.45376465;
41.89482784242648;12.676542984090476;154158406;0.1573831;
41.89478039763521;12.676552851777863;154614427;0.03890577;
41.894732982118924;12.676558907265905;154621405;0.73991144;
41.894690116926355;12.676532625265825;154626412;0.7488687;
41.89464131520002;12.676556495584245;154630389;0.8276288;
41.894597344339445;12.676579767883146;154634421;0.7023707;
41.89455187665769;12.67661377352605;154637416;1.2655702;
41.89451063354383;12.676646259261437;154640424;1.2638547;
41.894457378729044;12.676671589451269;154643427;1.1955673;
41.89441763282368;12.676700946236519;154646423;1.2055893;
41.894368652263076;12.676745763352285;154649414;1.2084032;
41.89432222341373;12.676740811384226;154657415;0.011113781;
41.89428170437844;12.67676809323792;154744393;0.028183043;
41.89429190206787;12.67683798881246;154753416;0.93467367;
41.89433033521505;12.676889327661264;154823414;0.9118666;
41.894345122188774;12.676957997055561;154827425;1.300512;
41.89437595408103;12.677008877930612;154831430;1.3302671;
41.894413400741634;12.677054763750562;154835420;1.3060436;
41.89436786425908;12.67702969203678;154845411;1.3037977;
41.894333836498106;12.67698625419969;154849399;1.3214421;
41.8943038549145;12.676931868600574;154853394;1.3104613;
41.894288307082086;12.67687256982303;154857421;1.3140774;
41.894276969661846;12.676812659065822;154901410;1.318951;
41.89426496129914;12.676742355135058;154905425;1.3402606;
41.894302632823106;12.67670564527679;154908427;1.3950348;
41.89435542975024;12.67667494725281;154913388;1.3429031;
41.89440323997193;12.67665222095628;154917417;1.3400509;
41.894446684503365;12.676629701293471;154920426;1.3638211;
41.8945032444176;12.676601489999506;154925417;1.3475784;
41.894567978711386;12.676599338710083;154933382;0.98038644;
41.894626545330965;12.676588941913744;154936380;1.3981262;
41.89467777315233;12.676570705308972;154940426;1.3524584;
41.89469779962273;12.676626188386518;155002421;0.0172105;
41.894676442965604;12.676681191312634;155019413;0.40031433;
41.89466648332798;12.67674155099479;155039419;0.19422676;
41.894669916709404;12.676802472475403;155536401;0.036140516;
41.89468227428799;12.67673884145288;160101204;0.4683108;
41.89471645734336;12.676693594066224;160109189;0.2699186;
41.89473538963861;12.676637394198057;160144145;0.01480192;
41.894684219250344;12.676640169623782;160244207;1.026465;
41.894631700543094;12.676650239393487;160249180;1.046354;
41.89458494298939;12.676650815507564;160253164;1.0037346;
41.894540030086034;12.676630565342048;160258149;0.95290184;
41.89449443158085;12.67661851576302;160306152;0.4990023;
41.894450623050844;12.676635692807777;160321189;0.73517567;
41.894412799540284;12.676668437038572;160401180;0.8579579;
41.89437042094711;12.676705924492905;160408186;0.8161872;
41.894410714263635;12.676672308526785;160427142;0.664838;
41.894457022847774;12.676648760206483;160435211;0.65801847;
41.89440982427033;12.67666682982436;160453187;0.71716297;
41.89437040841059;12.676700134307746;160504181;0.043380883;
41.89441660406921;12.676684937119328;160533191;0.6532135;
41.8944585076413;12.676652826845261;160542170;0.64060104;
41.894414607248386;12.67668557788919;160603194;0.4981433;
41.89436889287122;12.676696470956601;160636186;0.6243439;
41.89441361412373;12.676680550205015;160728181;0.5905839;
41.89437101013434;12.676707220721344;160905175;0.040244263;
41.894413126607766;12.676678204242606;160917171;0.37606937;
41.89445624730062;12.676645404083684;160944185;0.5530594;
41.89441275634608;12.676670830143589;160956183;0.6353803;
41.89438505558612;12.676718994031646;161113163;0.7110525;
41.894344330536526;12.676746714820364;161120524;0.75891006;
41.89429731345195;12.676751073391268;161157522;0.48197258;
41.89426593188577;12.676796310460503;161244533;0.0014780387;
41.89423592622094;12.676845298612605;161656549;1.0161879;
41.894191203140274;12.676861046385255;161730574;0.010654043;
41.89420773400709;12.676921278427272;162041581;0.56647414;
41.89425571185488;12.676925493465063;162049574;0.58059806;
41.89426806176226;12.676983523285855;162058564;0.4638397;
41.89431324058092;12.676987736221603;162119579;0.6788521;
41.89435708246185;12.67703599212471;162124575;1.1980876;
41.89439592143879;12.677079717026356;162128569;1.2421222;
41.89444045845516;12.67710106753337;162144566;0.1802149;
41.894483511819196;12.677066411728305;162201985;0.69144195;
41.894526089117875;12.67703998884091;162217979;0.361858;
41.89448081288678;12.677045126017191;162234984;0.3565572;
41.89443773813069;12.677074407459358;162242980;0.72226775;
41.89439690948815;12.677110247009166;162250981;0.70407015;
41.89435209621972;12.677142759330644;162258977;0.6984074;
41.89431149315168;12.67718162938939;162313982;0.5906926;
41.89435804624038;12.677170639920492;162337990;0.4839388;
41.89431289241086;12.677180959616107;162356985;0.6315979;
41.894353205843466;12.677139977601563;162417950;0.8407644;
41.89439729899715;12.67712343215843;162426963;0.27265492;
41.89442257835067;12.677068829175655;162549946;0.611289;
41.8944685003022;12.67705267608024;162554984;0.68770134;
41.89442497191644;12.677084730497588;162646980;0.6977167;
41.89446830972217;12.677053229098567;162716992;0.46024233;
41.894512144548976;12.677035977047586;162724983;0.6391965;
41.894470923861235;12.677062166967572;162740976;0.32458466;
41.894431947104515;12.677100210031057;162749939;0.6230023;
41.8944683458653;12.677064546005248;162811979;0.45220798;
41.89451350764406;12.677044431914833;162819977;0.59912235;
41.89446443006942;12.6770619127362;162835943;0.72776973;
41.894422435131446;12.677085058872073;162845004;0.4519788;
41.894379173233936;12.677103884044781;163003957;0.12752493;
41.89433107222459;12.677119903376509;163417970;0.19949616;
41.89428602084831;12.67710861676551;163421993;0.9640301;
41.89424064431443;12.677124649102634;163424983;1.2375363;
41.89418565453463;12.677105680978423;163428999;1.2957946;
41.89423590142158;12.677088071785368;163441996;1.2029544;
41.89428495067437;12.677117365650133;163445985;1.2775509;
41.89433077624626;12.677119814416693;163451004;1.1831574;
41.89433681002304;12.677052809531931;163647005;0.9486695;
41.8943074990236;12.676982194929629;163649996;1.3692472;
41.89427692414899;12.676919633933672;163653997;1.3707664;
41.89425711273895;12.676858113556127;163657991;1.3115557;
41.89423515324385;12.676796941650725;163702999;0.5391132;
41.89419146985523;12.67682590248428;163712994;1.1730248;
41.894237339455444;12.676819504417061;163728992;0.36064774;
41.894282773593424;12.67681168513325;163852929;0.020465015;
41.89432580362383;12.67684820821571;164409989;0.800667;
41.89435971736246;12.676890387883905;164418000;0.6143074;
41.89439040050466;12.676947167883554;164428007;0.66320753;
41.89440229803767;12.677006996249894;164435001;0.7028157;
41.89442147817528;12.677066161471398;164506990;0.44573167;
41.89439435510224;12.677118746792754;164536968;1.0771323;
41.89435030486351;12.677133751280184;164541993;0.017029515;
41.89438976236937;12.677095328507901;164548984;1.1442397;
41.89443123687642;12.67706280883207;164553997;1.1468023;
41.894469823160925;12.677029466669241;164559985;1.0548642;
41.89451297722708;12.677009725083652;164635992;0.006176235;
41.894531854667605;12.676948895313231;164949996;0.65105677;
41.89451979183683;12.676876373495572;165004967;1.182521;
41.894486349174976;12.676814287288963;165008996;1.3760039;
41.89445428668634;12.676771862063838;165011984;1.4194434;
41.89442132390322;12.676724696234029;165014990;1.4172206;
41.89442803341039;12.676792002277253;165057994;0.7154191;
41.89447317602312;12.676769920885887;165318974;0.01786373;
41.894473551014244;12.676842418861947;165409958;0.18451066;
41.89447782208609;12.676903462850099;165414953;0.6574145;
41.894488002693684;12.676972276689412;165420000;0.57638466;
41.89452558984362;12.677006088213751;165429996;0.02436657;
41.894506285396545;12.677061807778625;165528963;0.15959565;
41.89447167677041;12.677101329376308;165550962;0.022427976;
41.89442328353918;12.6770909679875;165622964;0.31063354;
41.894397859360296;12.677015188791204;165634976;1.2403396;
41.89436122303347;12.676951721614772;165638001;1.4107298;
41.89433710756819;12.676892779603918;165643002;0.5651288;
41.894310228583095;12.676834413661425;165648997;0.79921144;
41.89428097867969;12.676772035062719;165652977;0.6861331;
41.89431687418631;12.676714383035137;165657981;0.88136816;
41.8943668016888;12.676689323561277;165703000;0.9406487;
41.89441707294133;12.67666354602854;165708002;0.9678731;
41.8944664265131;12.676632990203444;165711999;1.079146;
41.89451640200131;12.676617284017153;165716984;1.1073703;
41.89456162665699;12.676609166011247;165720994;0.77520245;
41.89460314977203;12.676581589623197;165728004;0.72676736;
41.894631308153755;12.676633396008178;165741015;0.9271063;
41.89468313967656;12.676611825118917;165746993;1.1798533;
41.894728518463765;12.676586560015002;165751988;1.1374221;
41.89478666100783;12.676578621779363;165756993;1.1137247;
41.89482967309244;12.676557629429334;165801000;1.1599443;
41.894879165730124;12.676533424918045;165804983;1.2413973;
41.894922739884;12.676505461305831;165812005;1.0454776;
41.89496642797541;12.676475316924341;165904943;1.032162;
41.895011143564254;12.676453495412689;165909942;1.1651376;
41.89505271163355;12.676426834809753;165915955;1.1095718;
41.89509687488008;12.676405939005786;165958013;0.7152454;
41.89513437546797;12.67636986706421;170012989;0.0032640959;
41.895088485181745;12.676410135337603;170109928;0.32518318;
41.89504203384436;12.676427524010252;170113944;0.54956555;
41.89500037167264;12.67645579712585;170122011;0.18499489;
41.895040634963614;12.67642218352863;170138956;0.36790726;
41.89500279974408;12.676474418659096;170205987;0.84093887;
41.89496132348786;12.676504109135351;170210013;0.85135037;
41.89499398643545;12.676461763885744;170241950;0.80757225;
41.89503278205781;12.676430613571112;170252007;0.022509854;
41.89507903060258;12.676417449672504;170258996;0.970489;
41.895129573759995;12.676416886341347;170303986;0.9636662;
41.895180316454386;12.676433798603707;170327955;0.93493176;
41.89520456585512;12.676382907796466;170358984;0.18759635;
41.895212089779875;12.676317916105182;170409972;0.17942111;
41.895248122871216;12.676366859544697;170701993;0.22698504;
41.89533296382071;12.6762804168225;170717975;0.036190767;
41.895204115607896;12.67658082672728;170733983;0.06588064;
41.89541538133271;12.676536304149575;170759001;0.08472815;
41.89523125025809;12.676430531916322;170805004;3.1506443;
41.895167805460524;12.676391475747062;170807962;2.8763537;
41.89510715819463;12.676389625180146;170810965;2.7669666;
41.895143404108175;12.676427151273607;170817983;0.38979536;
41.895172173180455;12.676359103992953;170847002;0.29832938;
41.8952062751521;12.67630982706332;170903983;0.40260878;
41.89525130552443;12.676327466341004;171034974;0.2917684;
41.895243690306096;12.676389215605752;171057988;0.31949568;
41.89519945934057;12.676345651475007;171106021;0.23829418;
41.895152707574404;12.676343495359246;171135979;0.4387903;
41.895121497944174;12.676387382727128;171151966;0.018952604;
41.89508228681798;12.676417569114276;171338975;0.14706779;
41.89512570092449;12.676400849715737;171854983;0.009446227;
41.895080258080576;12.676420749425455;171909017;0.0679226;
41.89502804292259;12.676439371613656;171937011;0.8190678;
41.89498428495184;12.67646063720713;171942009;0.6865649;
41.89494270657729;12.676487858572484;171946998;0.8844221;
41.894899549223815;12.676516623085032;171954006;0.37297848;
41.89487857754526;12.676459460431017;172004007;0.55103457;
41.89485614496588;12.676398419564736;172008996;0.7582216;
41.89483288720055;12.676337083936973;172014007;1.0758965;
41.8948090777783;12.676271583898046;172021010;0.9935861;
41.89480010069988;12.67620749889766;172025003;1.3573922;
41.89478390265938;12.676151038643727;172030024;0.8752944;
41.89476013674153;12.676090697511748;172035012;0.99353963;
41.894737338376956;12.676033735436272;172041020;0.94566727;
41.89470847119898;12.675970934403301;172047003;0.6049335;
41.89472247360877;12.675910511146853;172056025;1.0341794;
41.89475884007733;12.675868207270613;172100019;1.0826195;
41.894809449392454;12.675821163832188;172104017;1.1752619;
41.89480139326575;12.675760210443007;172110031;1.0754983;
41.89480329171144;12.675694095913974;172114024;1.4041072;
41.894750321399634;12.67569145270329;172219027;1.3981724;
41.89467753713552;12.675744375747835;172222025;2.2741942;
41.8946269823365;12.675773317147396;172226015;2.214387;
41.89456042319819;12.67581638074248;172229988;2.0734608;
41.894496749102544;12.67585389601405;172232965;2.2261333;
41.894409926709734;12.67590796613319;172236029;2.4969537;
41.89432910223205;12.67595537121914;172239003;2.7022378;
41.89427745892011;12.67599597099738;172243001;2.46581;
41.89419953487027;12.676036752393545;172246014;2.5012066;
41.89408710349562;12.676094552813694;172249010;2.9438703;
41.89397856426081;12.676146634023153;172251958;3.3125086;
41.89390410709547;12.676183096633514;172254968;3.2986355;
41.89385189981222;12.676211309751922;172301015;2.3782332;
41.89381412888359;12.676244535023452;172306012;1.8211968;
41.89380443244756;12.676347751904043;172309002;2.1412213;
41.89387556307399;12.67654836691404;172311980;3.0760489;
41.89395801021294;12.676792296018448;172315019;7.4671144;
41.89403893319595;12.677028651631765;172318025;7.165379;
41.89411161225398;12.677245837457676;172321023;5.6984863;
41.894171836616074;12.677429117590119;172323993;6.0892725;
41.894239525604725;12.677625846625391;172326963;5.335662;
41.89428581400338;12.677767042259;172329986;3.6447196;
41.89432832874274;12.677892087841217;172333010;4.5431824;
41.894399609335245;12.678089567814661;172336004;5.986825;
41.89442959719874;12.678175128182755;172338969;2.6118128;
41.89450677965047;12.678338466849487;172342024;6.132204;
41.894611231133304;12.678578122523842;172345012;8.525087;
41.89472490699513;12.678899727152437;172347974;10.132543;
41.894843145337404;12.679244619535428;172351023;10.770129;
41.894966470916295;12.679598577147619;172353990;10.402813;
41.89508761697334;12.679931189765592;172357016;10.205597;
41.89521013664361;12.680289628833913;172400019;11.325783;
41.89532909913027;12.680665922954415;172403020;10.923273;
41.89544387520355;12.681017815150076;172406005;10.340917;
41.89557050970113;12.681306492969435;172409003;8.993997;
41.89580709577159;12.681278967100011;172412000;9.77529;
41.89607248306025;12.681116628604707;172415005;11.244734;
41.8963556348285;12.680948400054465;172418028;11.637701;
41.896642699223484;12.680771154866063;172421020;11.532026;
41.89692063257253;12.680591286920668;172423992;11.368199;
41.897195770744744;12.680421932519467;172427001;11.143825;
41.897469590967205;12.68026196421859;172430080;10.835997;
41.897731622961665;12.68010888036602;172433012;10.842381;
41.898012105777305;12.679936655295345;172436015;11.48268;
41.898297800162084;12.679755511629166;172439028;11.831553;
41.89857020544423;12.679589005561015;172442004;10.677957;
41.89880986117063;12.67941023122568;172445010;9.921508;
41.8990598939307;12.679260864772168;172447972;10.09184;
41.899317337981614;12.67909917483792;172451019;10.899495;
41.89958059881237;12.678939366905505;172454024;10.543818;
41.899852041799456;12.678770990538608;172457004;11.18585;
41.9001335293367;12.678599933569028;172500027;11.373831;
41.90040745115273;12.67844800275808;172503039;10.731806;
41.90065735306732;12.678296335279697;172506011;9.859085;
41.9008960225842;12.678150071326147;172509008;9.617132;
41.90111963351225;12.678094192686926;172512007;8.496153;
41.90125817337249;12.678299994613985;172515026;8.196456;
41.90137073045384;12.678585328291389;172518006;9.131672;
41.901481719947334;12.67889266088792;172520992;9.589207;
41.901597285357546;12.679207931467674;172524014;9.524316;
41.901705818543135;12.679506707095506;172527004;8.93181;
41.90182935476971;12.679830272723384;172530012;10.608576;
41.901961940038696;12.680177650687234;172532994;11.129501;
41.90210669396267;12.680540619420594;172536027;11.282081;
41.90224629232346;12.68091248714381;172539000;11.492162;
41.902392901712226;12.681291133864255;172542011;11.79608;
41.90253452487538;12.681668257426816;172545003;11.582648;
41.90265788713908;12.682032917674412;172548001;10.080911;
41.90277541261214;12.682362485829316;172551017;10.067404;
41.90290126532799;12.682699587375856;172554025;10.551568;
41.90303051445656;12.683026713510564;172557002;10.17931;
41.90315826612834;12.683370258542187;172600007;10.791247;
41.903276455422834;12.683682932765013;172603012;8.99949;
41.90335150344719;12.683880542490543;172606007;4.3903995;
41.90337415370928;12.683936904790144;172610008;0.296475;
41.90340436687736;12.684006540387248;172619002;2.190152;
41.903424571404905;12.68406105623608;172627001;0.2914408;
41.903448226222345;12.68412261733786;172633009;1.7289392;
41.90347043832191;12.684180845474586;172638001;0.62858635;
41.90350588769447;12.684228285471404;172645005;1.8414192;
41.903601982389524;12.68418934050935;172648017;5.106665;
41.90373971884593;12.684068079422675;172650997;6.9437313;
41.90394260292543;12.683974066589919;172654003;8.49299;
41.90419125182961;12.684012117154362;172656964;9.52791;
41.90444814079863;12.684095782907951;172700007;9.836885;
41.90470980384502;12.684173148120731;172703008;9.368659;
41.90494171317309;12.684236893772573;172706014;8.361727;
41.905135842563894;12.684311790900011;172708993;7.1494308;
41.90524321652084;12.684515020123603;172712009;7.428009;
41.90536813581345;12.68472091570704;172715005;7.4342804;
41.90553353711373;12.684953888239024;172717989;9.5572195;
41.90571404994642;12.68525368357889;172721017;10.859223;
41.90589442676832;12.685582509971557;172724012;11.282128;
41.90606729572392;12.685911775187659;172727006;11.055141;
41.90625876720622;12.68623372520441;172729995;11.530886;
41.906544723099266;12.686407400843411;172732985;11.6464405;
41.90683885094649;12.686553951503313;172735978;11.528127;
41.90707270145643;12.686817989925585;172738970;10.938058;
41.907118758330014;12.68717843849366;172742002;10.234523;
41.90700518071245;12.687517135938627;172745013;10.3562975;
41.906841883723835;12.687815965625578;172748047;10.0783;
41.9066640964039;12.688040217528759;172751019;9.118245;
41.90645289580914;12.688211955169244;172754001;9.116909;
41.90624109858248;12.688392357962833;172757014;9.396918;
41.906053617164176;12.688646738390974;172759996;10.238724;
41.905863865638985;12.688918664209904;172802993;10.162758;
41.90567855082576;12.68918395229084;172806009;10.024481;
41.905460930385445;12.689393818909847;172809015;9.852114;
41.90527581353479;12.68952897417889;172812007;6.352547;
41.90517639884116;12.689589655410488;172815011;2.7517922;
41.905089975329666;12.68963468529384;172817984;3.6636982;
41.90510370835618;12.689738309347826;172821010;3.8596454;
41.90516511135616;12.68985532480235;172824009;4.3885427;
41.90525726573168;12.690034550999373;172827005;6.6937995;
41.905378115987034;12.690270020803277;172829997;8.089596;
41.90549023105537;12.690493708487793;172832983;7.009491;
41.90559295090776;12.6906989066727;172836007;6.9218893;
41.90569953121479;12.690919012600796;172838974;7.6547427;
41.90581597428868;12.691144046635051;172842020;7.482483;
41.905927390737205;12.69136905664858;172844984;7.228662;
41.906007903221116;12.691532647627472;172848012;3.982975;
41.90603831903597;12.69158178309009;172856014;0.78991926;
41.906073257968906;12.691632713304505;172906996;0.7165585;
41.90609804562013;12.691683451982302;172909995;1.9481142;
41.906121087545266;12.69173997010635;172919005;0.8247455;
41.90617781765169;12.691775504031906;172922000;3.6062703;
41.906293642993056;12.691676082423891;172925012;4.850594;
41.906383376037674;12.691595249303612;172927999;2.9881363;
41.906431393799934;12.691556021382516;172938999;2.237376;
41.90652039083268;12.691489402507866;172942007;4.4726343;
41.9066407360165;12.691387176960736;172944992;5.472436;
41.90677926644472;12.691260810386439;172948001;6.5917215;
41.90695007356599;12.69112597713153;172951005;7.3988514;
41.907111931446025;12.690987752395882;172953998;6.985879;
41.907261159844104;12.690864999238597;172956990;5.48894;
41.9073697358399;12.690777242885915;173000020;4.297795;
41.90747703276118;12.690681297127872;173003002;6.1135817;
41.907653339776566;12.690540016423784;173006013;8.234959;
41.90787100543231;12.690358345183954;173008992;9.636861;
41.90808366191012;12.690176094438359;173011999;8.685202;
41.908247709923394;12.690039108556121;173015002;6.506884;
41.90839716617128;12.689908356199352;173017987;7.029461;
41.90858237558905;12.689749455009283;173021018;8.801009;
41.90880576026586;12.689558660052072;173023983;10.236507;
41.90905091287813;12.689344303058819;173027018;10.652347;
41.90927151269646;12.689160512655143;173030000;8.806856;
41.90947373929969;12.688995054596102;173033013;9.153512;
41.909719020257945;12.688805491281107;173035965;10.906785;
41.91001330230341;12.688610787207933;173038999;12.7192745;
41.91034666376323;12.688394463265583;173041999;13.877102;
41.91068500176543;12.688173813617688;173045007;13.680555;
41.91100902789665;12.687967434416022;173048012;12.905087;
41.91131452519543;12.68777500188987;173050988;12.086909;
41.91158865977339;12.687599267330064;173054004;10.702784;
41.91183542890423;12.687447946994263;173057005;9.888644;
41.91207970899919;12.687301510001495;173100003;9.812206;
41.912290511028345;12.687160504259069;173102993;7.52679;
41.91244664132328;12.68710954467589;173105995;5.344269;
41.912555959185134;12.687269226033294;173109007;6.942633;
41.91267495943452;12.687551980035343;173111986;9.943496;
41.912837479764434;12.6879103849435;173115016;11.771747;
41.91299749027965;12.68826462023681;173118033;11.321017;
41.913154954783025;12.688641286109975;173120992;12.250886;
41.91332187377788;12.689026547063238;173124004;12.279196;
41.91349368566006;12.689417096443291;173127000;12.457706;
41.9136636635872;12.689786138273666;173130002;11.721571;
41.91383498211607;12.690150427433673;173133003;11.973785;
41.913987957602124;12.690509800369142;173136007;11.1664505;
41.914018826420616;12.690901099392109;173139018;11.149472;
41.91401297510781;12.691319472405668;173141999;11.680981;
41.91411270122663;12.691710849657056;173144994;11.199209;
41.91423401597654;12.692007897763624;173148003;8.312556;
41.914216447565906;12.692277893542574;173151001;7.7303934;
41.914102777714774;12.692521303919879;173153997;8.108979;
41.914089200116436;12.692819823052597;173156982;8.651171;
41.91424053281047;12.693082284455363;173200004;9.418307;
41.91442975048009;12.693342164890689;173203021;10.36922;
41.914627101120495;12.693612262496632;173205996;10.1050625;
41.914810976912165;12.693855018829051;173208998;9.52934;
41.91502996419728;12.693984251711832;173212002;7.763343;
41.915288302288666;12.693945618530725;173214995;9.857007;
41.91551602574499;12.693857718125239;173218008;8.141935;
41.91572106665549;12.693774386159138;173220995;7.9609833;
41.91582966196359;12.693522331310328;173223999;7.7653394;
41.91593589559683;12.69332932896492;173227009;6.559245;
41.91614964979414;12.693238984487275;173229954;9.077023;
41.916418768839755;12.693147481594135;173232972;10.770677;
41.916725112954865;12.693041702329525;173235989;12.022855;
41.9170318946312;12.692928701686396;173238994;11.522773;
41.91732983786235;12.692820974465931;173242000;11.331758;
41.917633252127864;12.692711296362367;173245013;11.434607;
41.917936552536325;12.692589604320117;173248000;11.941218;
41.91823054606018;12.692470649608255;173251028;11.098544;
41.918499987623356;12.692361432449152;173254010;9.522709;
41.91868350693441;12.692278512841634;173257019;6.3993974;
41.918692623941524;12.692065702646524;173300009;6.349977;
41.91862356381773;12.691779522256333;173302966;8.949235;
41.91854323592354;12.691456275637039;173306004;9.628559;
41.91848156965327;12.691139220501517;173308996;6.731473;
41.91845689399899;12.69099566634342;173311965;2.6416583;
41.91843012698877;12.690865322311394;173315013;4.6301236;
41.91837884149042;12.690640850512432;173317991;7.374325;
41.91831701495942;12.6903530262424;173320991;8.113003;
41.91827284119128;12.690138970528563;173324003;4.4420424;
41.9183690587973;12.690036596700244;173326999;5.341185;
41.918510761873804;12.68997915600036;173329997;4.734941;
41.91863110773083;12.689938362886616;173332994;4.0590973;
41.918694558263596;12.689919624479467;173335986;1.9503709;
41.91869140901726;12.689849196369206;173357948;0.0;
41.91867919719477;12.689922859959987;173435999;1.0627464;
41.91858630710849;12.689974150173091;173456956;1.428686;
41.9185686576587;12.69005405383908;173533962;1.0805813;
41.91853192242876;12.690101053284087;173542956;1.2466149;
41.91850323722838;12.690167098638808;173550963;0.8913047;
41.91847525872813;12.690251049961029;173600969;1.4481003;
41.918427888163066;12.690331905298342;173610952;1.3892583;
41.918404812585614;12.6903884970825;173613965;1.5246787;
41.91865464702059;12.690467164086044;173936969;1.0019598;
41.918668772146816;12.690407856681743;174006945;0.19957322;
41.918635793686676;12.690460301392898;174030949;0.1577663;
41.91858826574362;12.690477772760586;174036956;0.3317794;
41.91860271365461;12.690416901813235;174122949;0.39794928;
41.91861934763148;12.69035912733887;174133952;0.28959426;
41.918697828308254;12.690132899219249;174233961;1.2053132;
41.91872490543388;12.69018558729805;174251950;0.35653755;
41.91880418233579;12.690198640940327;174513943;0.22245352;
41.91873356194794;12.690246800724287;174517964;0.2487526;
41.91864490222732;12.690222306524191;174520980;0.5910743;
41.918592292819255;12.690152789490098;174523955;0.8043878;
41.918549640019606;12.690112361626307;174526980;0.07784168;
41.918508558187234;12.69007089803252;174531985;0.5377155;
41.91853089326547;12.690007821020826;174536964;0.96342754;
41.91856485117586;12.689960756746633;174541969;1.03488;
41.918615617979114;12.689932217858152;174545971;1.1046475;
41.91866093964277;12.689901541568341;174550017;0.76770043;
41.918735248603916;12.689885177454428;174615995;2.2946978;
41.918876270812795;12.689799223804213;174619019;5.141704;
41.91906452480352;12.689720418528482;174621999;8.084198;
41.919232432696376;12.689655488253324;174625001;4.7792435;
41.91929899610018;12.689651984205641;174628006;2.0273483;
41.919363407062725;12.689765135979709;174631020;5.227149;
41.91942257945828;12.690027688419185;174633957;8.382993;
41.91948405661744;12.690294577818046;174636969;6.763824;
41.91950604756268;12.690420531217521;174639978;2.5285563;
41.919418461099504;12.690494063854729;174642963;5.692262;
41.91921694001957;12.69057516127849;174645992;9.225605;
41.918951736064336;12.69068564228293;174649009;10.604553;
41.918653619784315;12.690806357744846;174652003;12.001154;
41.91833283469862;12.690935199968983;174654988;12.117531;
41.91801700746435;12.691074856466157;174657973;12.426343;
41.91771401645931;12.69119783889792;174700968;11.117485;
41.91750224586755;12.691281482927584;174703981;6.545083;
41.91740419366015;12.691357619137435;174706987;4.234525;
41.91742835973073;12.69158074016823;174710029;7.310827;
41.917509254307475;12.691900577847491;174713005;9.998135;
41.91759213930133;12.692237423965869;174715990;9.433348;
41.917651270385214;12.69248203101906;174718987;5.3578806;
41.9176663836536;12.692610059879419;174721991;2.9244704;
41.917585738023575;12.692694091593527;174724977;6.327214;
41.91737171697715;12.692766307527103;174727957;8.999044;
41.917142401503106;12.692847084366667;174731009;9.270475;
41.91688130131256;12.692949173350884;174734007;10.341748;
41.916616451149665;12.693043956371374;174737004;10.293635;
41.91633278654817;12.693080115730725;174739979;10.5765915;
41.91607050803106;12.693176688759426;174743020;9.6699705;
41.91587598045494;12.693412139044144;174746001;9.6752205;
41.91575533134307;12.693672575963589;174749010;7.894511;
41.91556523867771;12.693803994260355;174751983;8.953702;
41.9153082204289;12.693904477396318;174754994;10.041342;
41.915042254136644;12.693942452951482;174758004;10.043346;
41.91479386612379;12.693768307025223;174801013;10.733114;
41.914581400749555;12.69347967486281;174804012;10.757278;
41.914384087762684;12.693212895611632;174806994;10.046921;
41.91421342041437;12.692962765210213;174809984;8.974339;
41.914146621181416;12.692685788899707;174812999;7.920331;
41.91423426474309;12.692429217075459;174816021;8.135028;
41.914349408755456;12.692173304743738;174819021;8.061282;
41.914262083696;12.69186815441629;174822011;9.92519;
41.91413455046423;12.69151759948256;174824988;11.027952;
41.91407673108591;12.691120485276555;174828014;11.260618;
41.91407999434751;12.690725484022737;174830966;10.437496;
41.913957883354065;12.69036463100795;174833955;11.234145;
41.9137971458876;12.69000660952674;174836974;11.253013;
41.913648635076854;12.689665213783472;174840000;10.285964;
41.913535543556186;12.689397973900961;174842998;6.9636316;
41.913440791307;12.689298911338813;174846007;4.1209083;
41.91334397085614;12.689307413103265;174848985;2.7979903;
41.91333715512882;12.689217153591489;174923030;1.4902889;
41.913365256518226;12.689271946990827;174956035;1.1995603;
41.91341109743546;12.689278501804026;175000015;1.2752956;
41.91346175905918;12.68927405810246;175005014;1.366595;
41.9135086856107;12.689281671111116;175009018;1.3645773;
41.9135540069796;12.689320366027191;175014004;1.2387298;
41.91357329335229;12.689377071432649;175018003;1.1727955;
41.913678278244134;12.689311989512433;175227946;0.0;
41.91363842531363;12.68932305976979;182549103;0.123044044;
41.91368802883424;12.689313099221422;182640070;0.38815582;
41.91373647073838;12.689298506116389;182649075;0.0;
41.91373790787421;12.68923665283346;182656090;0.0;
41.913780645718184;12.689268138457729;182700111;0.4622009;
41.913822089912635;12.68931162074783;182708073;0.39423802;
41.91386250330795;12.689284650906066;182717051;0.8340853;
41.91391738948889;12.689252477202023;182724064;0.7194786;
41.91387259621999;12.68924157303347;182733084;0.43006268;
41.91387607485182;12.68917387636782;182740096;0.4615684;
41.91383012845619;12.689141351600705;182745078;0.53880477;
41.91385289195502;12.689077498612498;182754077;0.73321664;
41.91387677847002;12.689022543500764;182801076;0.840906;
41.91385881097151;12.689031061514536;182826076;0.07701466;
41.91382126190747;12.689067196283878;182829112;0.122796856;
41.913775663228755;12.689111002587804;182834089;0.11209432;
41.913760912963035;12.689176333066522;182840091;0.08721846;
41.91373872344499;12.689241389694976;182852089;0.3163231;
41.9137028705007;12.68929149219496;182907102;0.034803696;
41.913704126166465;12.689355686935412;182921093;0.17136924;
41.91363812801026;12.689339817265973;183032078;0.4394237;
41.91368458925854;12.689385351135405;183039094;0.103070386;
41.913715721856256;12.689433489574208;183054088;0.35282248;
41.91367474266137;12.68939937426947;183103074;0.34239396;
41.91363059607544;12.689381793643363;183112061;0.5511648;
41.913640846135934;12.689443341218988;183144080;0.42261952;
41.91364215247401;12.689382048182184;183205078;0.3032043;
41.91359349757874;12.689379916586418;183222105;0.094233185;
41.91360667958427;12.689445034710605;183229076;0.36849907;
41.91364390839028;12.689410004904284;183234083;0.18110193;
41.91368803244088;12.689422341085931;183253079;0.51308185;
41.91372465437486;12.689377982686128;183257078;0.51199126;
41.9136981048366;12.689462359994504;183302092;0.5077226;
41.913680944231615;12.689519717964357;183305073;0.49103007;
41.913705153120986;12.689377185944661;183318090;0.08129231;
41.91373829538345;12.689418231070238;183324078;0.90178216;
41.91376454435808;12.689359530834603;183352080;0.3874991;
41.91372046398595;12.689382188599824;183440092;0.04701917;
41.91373204725773;12.689321964454344;183500078;0.4268809;
41.913687002823984;12.68932814790956;202808193;0.0062403874;
41.913642173379664;12.689368740404598;202811157;0.0710157;
41.91359679766248;12.68938904600221;202825167;0.15029673;
41.91354914904316;12.689382145535589;202832177;0.6611981;
41.913504692216804;12.689328680562234;202836172;1.0236514;
41.913459879421694;12.689301254705294;202841140;0.9868189;
41.91341227413163;12.689296913815479;202847151;0.8588726;
41.91336829607272;12.689319850421887;202853157;0.3267246;
41.91332010263361;12.689316223549673;202921123;0.17488666;
41.91337228816837;12.689302514090258;203002167;1.7821226;
41.91343385250567;12.689279345116827;203005161;2.1108134;
41.91348751518513;12.689282398020366;203011192;2.1286707;
41.913567872200446;12.68944688359437;203014156;4.901219;
41.91369092197115;12.689736959245034;203017132;9.365048;
41.913834842226805;12.690049179812517;203020184;10.913161;
41.91398325492528;12.690381377015266;203023128;10.56227;
41.91406454980036;12.69072453502289;203026129;10.173392;
41.91404056877452;12.69112266812778;203029138;11.4149475;
41.91409867816679;12.691526276500978;203032626;11.339185;
41.91423090663551;12.691861761383631;203035678;9.815845;
41.914277205825904;12.692052142227945;203038583;8.010943;
41.91416691017355;12.692411317193493;203041620;8.790219;
41.914117922060726;12.692688318779455;203044642;7.925759;
41.91423362561527;12.692961412149415;203047656;9.33838;
41.914418077564726;12.693227850488865;203050662;10.597476;
41.914611547599684;12.693500629708316;203053642;10.488688;
41.91479951555724;12.693762365843986;203056664;10.164248;
41.91503094163723;12.693917292859055;203059679;9.742703;
41.9152960852043;12.69388429143706;203102680;10.287594;
41.915545246862926;12.693797828320474;203105686;9.107836;
41.91576229935951;12.693695728529224;203108671;8.0276165;
41.915897868555454;12.693462055012112;203111672;8.584389;
41.91604795398655;12.69324165400936;203114670;9.372418;
41.91628749039334;12.693150297105547;203117662;9.036128;
41.91651445288766;12.693075301299817;203120668;8.210307;
41.91672817859001;12.692999686748218;203123627;7.9997625;
41.916934098844095;12.692927791815848;203126638;7.5953712;
41.917137954755056;12.692851279652967;203129672;7.814118;
41.91733899402755;12.692779306629378;203132674;7.431428;
41.91752084730283;12.692711192306442;203135655;6.5905857;
41.9176460076574;12.69267640104922;203138630;4.9823093;
41.917816237175074;12.692620041779614;203141650;7.9627;
41.918042005557226;12.692553726360927;203144623;9.619934;
41.91829129551891;12.692474575626699;203147632;9.150757;
41.91852577387557;12.6923828948451;203150668;8.7379265;
41.918694968770595;12.692326236618177;203153674;4.9525294;
41.918763778546;12.692205241205938;203156670;5.9849005;
41.91869497031298;12.691928103750904;203159680;8.153163;
41.9186064289118;12.691583529978375;203202679;10.002328;
41.91854155349246;12.691229584849621;203205669;9.141047;
41.91850363687732;12.691051234876413;203208655;2.689266;
41.91846998096488;12.690921017864987;203211641;4.592681;
41.91841736209783;12.690703404563989;203214645;7.1392465;
41.91836205015216;12.690431290568464;203217673;7.4853563;
41.91830850562041;12.690198644450081;203220692;5.526238;
41.91833718941646;12.690061096998242;203223630;3.4758203;
41.91844400763481;12.689993904810098;203226631;4.1640253;
41.91851326529247;12.689973551124798;203229667;1.4079419;
41.9185796842632;12.690005255859285;203355679;0.0;
41.918615102566186;12.689934884361056;203715672;3.601344;
41.91874075870073;12.68987530512083;203718667;5.522715;
41.918905485959975;12.689813078614982;203721695;6.167954;
41.919078230803606;12.689739174258195;203724676;6.890415;
41.91923789443805;12.689664314739355;203727636;4.0995326;
41.91932294520773;12.68965593838064;203730645;1.7431729;
41.919375850289505;12.68969206149115;203733633;3.040733;
41.91941410141991;12.68981470480962;203736683;5.222749;
41.919452019356534;12.690012686908;203739676;5.3207946;
41.91949122809147;12.690188209139126;203742670;5.3466816;
41.91952745864759;12.690359833551874;203745675;3.8443596;
41.91955264847323;12.690422762253055;203748687;2.230883;
41.91964556519657;12.690413611421327;203751686;4.788216;
41.919801613374936;12.690342144368554;203754684;6.7585897;
41.919991911765344;12.69024603599365;203757656;7.734601;
41.920168851109956;12.690150701758407;203800686;6.143408;
41.92026843657015;12.690159774132717;203803684;3.1471784;
41.92034141343461;12.690291199430755;203806680;6.044054;
41.92040879620072;12.69055652058368;203809691;7.6579747;
41.92046838113747;12.690861496340357;203812659;9.199174;
41.92052048424502;12.691175877967847;203815670;5.7297077;
41.92053910081152;12.691319584341183;203818682;3.5708227;
41.92052821371575;12.691404378108516;203821692;1.7341341;
41.920492939531606;12.691465609265768;203824648;2.6974893;
41.920381740987125;12.691505213556763;203827686;4.0951004;
41.920277333303225;12.691559534893198;203830665;4.174784;
41.92017924852708;12.691591569354905;203833646;3.8849595;
41.92008323911247;12.69158512845709;203836681;3.2906675;
41.92003422134372;12.691576889655803;203839676;1.5433099;
41.92007871115303;12.691624552419999;203855655;3.968224;
41.92016125438078;12.691576156160847;203858700;3.0186737;
41.920126385261085;12.691495560468075;204049641;0.0;
41.920002488455445;12.691457432189909;204330559;0.0;
41.919967065415115;12.691494738781211;204411580;0.035916682;
41.919637008121;12.6910842034795;204759546;0.06838755;
41.91969679431389;12.69109795041049;204809593;0.16473114;
41.919748483550265;12.691106352584905;204814586;0.049310688;
41.91977478479814;12.691158122904818;204826601;0.3330367;
41.919670781992515;12.691473136450602;204847614;0.20613192;
41.919728877160516;12.691459729443844;204913583;0.7836297;
41.919693557311824;12.691527007063574;204916603;0.87657064;
41.91970856861912;12.691589535564795;204924584;0.7409383;
41.919730025158486;12.691643830711861;204952579;0.0;
41.91978558975582;12.691638445985925;204955556;0.33781338;
41.919945747805876;12.691761065477817;205012605;0.34199762;
41.91997216685223;12.691675347535861;205023589;0.11828174;
41.9199808175931;12.69158685064194;205026595;0.052507274;
41.92000328345268;12.691503879313126;205110599;0.6428917;
41.919956947840426;12.691516740288263;205126604;0.1351586;
41.9199556305828;12.691445208949384;205137596;0.0067533664;
41.919934041311556;12.691389259479388;205158583;0.053627416;
41.91993330371334;12.691325574748031;205227604;0.1959904;
41.91990219562366;12.691370008630525;205427569;0.045977447;
41.91985173063944;12.691370019897994;205449608;0.28419116;
41.91981052058048;12.69140629868578;205743597;0.15764098;
41.91984466740692;12.691366650823461;205818589;0.052600045;
41.91983660181613;12.691304311350931;205846623;0.261883;
41.919793629816944;12.691328740151018;205852600;0.5321675;
41.9197467019097;12.691320506719183;205857602;0.6799772;
41.91979518503796;12.691334018385934;205937603;0.19900051;
41.91983954601631;12.691360098919404;205954628;0.17747608;
41.91989096885069;12.691377387721587;210027599;0.31198344;
41.9199429007148;12.691423795615696;210033596;0.66402483;
41.91998753611557;12.691390298912104;210044603;0.036803912;
41.91994207325201;12.691369171128292;210101597;0.09620667;
41.91990869033483;12.69132684626485;210119600;0.026578264;
41.91986411893206;12.691309729004788;210202609;0.0059553026;
41.91987845325172;12.691246576142689;210236602;0.15055832;
41.91985702497516;12.691301714046306;210247596;0.014730457;
41.91985511029132;12.691362074382797;210303592;0.18226483;
41.91972080174779;12.69144101890639;210404607;0.26493153;
41.919991942782794;12.691393409346917;210512623;0.16136023;
41.919849110203614;12.69123902093243;210526619;0.020390293;
41.91977882084893;12.69126161675674;212600602;0.10063438;
41.91981395537831;12.691300015110297;212652640;0.36209658;
41.919859299449875;12.69132084382415;212706630;0.10898644;
41.91980801621622;12.69131596506781;212732593;0.034529217;
41.919842967744096;12.691354059430513;213202617;0.03246325;
41.91977291344149;12.691405040592498;213619536;0.23666373;
41.91972969971999;12.691386228552206;213622564;0.33708897;
41.91977394868034;12.691345944126143;213634592;0.16102104;
41.919823016857876;12.691351333529433;213734593;0.077570274;
41.919865512521966;12.691330770107545;213818593;0.0079065515;
41.91986801400398;12.691397022091168;213900590;0.87037027;
41.91987391044671;12.691457145625913;213922592;0.281998;
41.91991665802585;12.691478965277161;214015597;0.052602325;
41.91995790011098;12.69145370336868;214205604;0.03199882;
41.91983087431441;12.69113580619882;214401580;0.012409098;
41.91987049503515;12.691173358590737;214411604;0.30955407;
41.91986750549623;12.691234955459711;214501583;0.2429502;
41.91987016640096;12.691300736139727;214513582;0.2581117;
41.91987927273769;12.691362957505055;214523588;0.08055552;
41.91989096083338;12.691421502231021;214620595;0.2436765;
41.91992005326008;12.69147529325849;214655592;0.10348746;
41.91986080772156;12.691450741062217;214808593;0.011904544;
41.91990409574301;12.691489144570935;215114591;0.3670897;
41.91990542190165;12.691422367001334;215136601;0.38977367;
41.919892148130884;12.69136290943116;215214583;0.26163688;
41.9199404123384;12.69136431380219;215242599;0.2325585;
41.91998324137078;12.691387322779818;215251578;0.9245178;
41.92001865557104;12.69143265755991;215257582;0.9278897;
41.91998693875813;12.69138262481092;215400591;0.17833135;
41.9198787193077;12.690833513115528;215433584;0.006720861;
41.91992394727363;12.690846597541453;215509583;0.003985923;
41.91990436878221;12.69124760426925;215538570;0.06649561;
41.919895416973354;12.691510902849771;215603555;0.012590391;
41.919895867877315;12.691572521556836;215643587;0.3465377;
41.91982690091684;12.691409477906204;215753594;0.1300694;
41.91987034505593;12.69138393257738;215758586;0.18185994;
41.919917117268824;12.691375194538034;215817565;0.15050669;
41.919915841728944;12.691439081367449;215844579;0.19937132;
41.919956133025025;12.691411783907014;215919570;0.32651165;
41.91998635005891;12.691466135056894;220036577;0.31142184;
41.92001600487098;12.691550553273824;220049582;0.87477463;
41.92000728121847;12.69161026140848;220104578;0.4846144;
41.919936186074175;12.691411993018994;220129588;0.3732055;
41.91989199966607;12.691427216894807;220339560;0.043508254;
41.91993659227337;12.691440825953155;220650574;0.23891748;
41.91995876104859;12.691496670457356;220706570;0.34395152;
41.919983979052056;12.69142504624027;221131582;0.27777287;
41.91993455615534;12.691445956262013;221143562;0.04215884;
41.92002348806245;12.691960671769266;221332806;0.6724196;
41.91994649481074;12.691897005659998;221335838;0.5622202;
41.91987084103055;12.691695122185399;221346788;1.5757944E-4;
41.91992189538951;12.691661273699241;221350855;0.17195411;
41.92002434097948;12.691626822570427;221353818;0.22848055;
41.92002637152533;12.69156279976577;221403836;0.2792627;
41.920051693660206;12.69150752497639;221410848;0.7717394;
41.92009204600094;12.691544006394412;221421826;0.35669184;
41.92011706122026;12.691594775778587;221427846;0.3331091;
41.920128504143335;12.691656289923015;221502821;0.015992701;
41.92017966734902;12.691630177822514;221523844;2.778294;
41.92032027353158;12.691543821312097;221526836;4.402581;
41.920458942910585;12.691475891750382;221529803;5.447759;
41.920509858201356;12.691335163803053;221532859;5.3697033;
41.920449116091596;12.691105701886524;221535823;7.7712855;
41.9203781764957;12.690831958521029;221538855;8.274702;
41.9203102404185;12.69054843595991;221541846;8.076731;
41.920254995353474;12.690324623479892;221544841;5.0423245;
41.920217870564635;12.690231909810578;221547846;2.8302495;
41.92011537995432;12.690207111879843;221550888;5.5944033;
41.91994614577315;12.690285043330437;221553802;7.4240894;
41.91973003892815;12.690385721401443;221556812;9.06303;
41.91949267569253;12.690489869984187;221559850;9.655252;
41.91922930655865;12.6905998997298;221602858;10.620915;
41.91895451788411;12.690715728049343;221605828;10.678435;
41.91868240485257;12.69082343866736;221608864;10.368092;
41.91843041152035;12.690932677558976;221611858;9.865317;
41.91816921331038;12.691044630433465;221614861;10.363577;
41.91789855255552;12.691154824422592;221617866;10.560542;
41.91764945950635;12.691254618241613;221620852;9.338665;
41.917479554169645;12.691320319272426;221623853;4.8742247;
41.917413464887815;12.691440780181335;221626862;4.96646;
41.9174570013483;12.691665369731208;221629845;7.227524;
41.91752225363104;12.691960212585755;221632855;9.177715;
41.91758369322922;12.692279428977312;221635904;8.471882;
41.917630084579336;12.692513533903378;221638859;5.8608327;
41.91764618223654;12.69262001377636;221641859;2.309507;
41.917580541115655;12.692691313408945;221644844;4.179851;
41.91742844108025;12.692740510878021;221647867;6.4733963;
41.917225685781396;12.692811975698033;221650865;8.42038;
41.91697804331601;12.692907692472915;221653850;9.950574;
41.91670773339483;12.693009817753987;221656852;10.727171;
41.916411477534886;12.6930709207342;221659853;11.327155;
41.91612378945644;12.693147410904416;221702847;10.469843;
41.91590078192596;12.693332949731124;221705868;9.610194;
41.91576237567597;12.69358662228691;221708853;8.273198;
41.91559394470946;12.693754499500695;221711824;8.326835;
41.9153499311412;12.69384372832165;221714868;9.876638;
41.91508721043704;12.693919552874117;221717830;9.899625;
41.91482814857638;12.693841648449855;221720853;10.294275;
41.91462369123569;12.693573965300935;221723850;10.58281;
41.91442758952273;12.693299891131312;221726872;10.313292;
41.914246581275414;12.69305152230573;221729879;9.266299;
41.91411075565412;12.692798603963325;221732828;8.405273;
41.91415187976705;12.692497541933632;221735845;8.994747;
41.91426159145956;12.692230749928845;221738880;8.181375;
41.914216780042786;12.691934891967314;221741825;9.214839;
41.914092555055575;12.691627762455852;221744857;9.891486;
41.91402799570864;12.691253816574074;221747851;10.98861;
41.914044552497224;12.690854146854207;221750840;10.906492;
41.913979057591995;12.69047897623283;221753825;10.850642;
41.91381850761573;12.690140098312513;221756817;10.799626;
41.913675958164106;12.689825459580671;221759867;9.815684;
41.913556690701036;12.689556740933256;221802856;7.697371;
41.91346801471522;12.689353147260448;221805880;5.3435593;
41.913380476937824;12.689304030089666;221808848;3.3836963;
41.91328652213247;12.689330969064873;221811852;3.60932;
41.913232116787576;12.689374867211155;221814839;1.5450917;
41.91325138168383;12.689318404342803;221823861;1.5187433;
41.91331907616492;12.689293682625399;221912807;0.85948366;
41.91336725085203;12.689269477278318;221930870;0.83095896;
41.9134322935413;12.689269516577456;221938849;1.1590991;
41.913461011803584;12.689319199042354;221942815;1.0263872;
41.91349445251646;12.689374689688803;221947880;0.85897356;
41.913580842497346;12.689371900728315;222030851;0.0;
41.91345631378456;12.689761829078776;222052854;0.0;
