41.91369765975347;12.689331868176046;101554163;0.0;
41.9137740099566;12.689577041717026;124740731;0.0;
41.91378423221156;12.689637286807889;124744708;0.0;
41.91373093443759;12.68966775578418;124759687;0.11665726;
41.91377291313645;12.689693626998794;124825673;0.29738232;
41.913818974274584;12.689696254443751;124836697;0.076609015;
41.913765306295325;12.689704284831386;124843679;0.22139856;
41.91371821380944;12.68969371555601;124847703;0.011437403;
41.91369629030498;12.689638653796486;124857680;0.2533544;
41.91373439019309;12.689597760653083;124905689;0.18692194;
41.913703918833946;12.689295213906258;130445719;0.18606651;
41.913745282848396;12.689257381495665;130507675;0.20276164;
41.9137500447792;12.689321357199116;130519708;2.0850337;
41.91377918058541;12.689404622701154;130522746;2.6248937;
41.913741607256036;12.68947057472933;130554712;2.6821806;
41.91367430187256;12.689519214217245;130557703;2.8444955;
41.91362021728997;12.689525279414392;130603707;1.3841486;
41.91355883384685;12.68939811139374;130606743;3.7869005;
41.91346070657429;12.689171801167689;130609694;8.037359;
41.91332507941051;12.688857058504118;130612690;10.819337;
41.91316746885505;12.688490411485414;130615704;11.767564;
41.9130078509114;12.688120568546578;130618693;11.819639;
41.91285193502702;12.687785975736537;130621709;10.352227;
41.9127151129989;12.687495201894933;130624693;8.855319;
41.912637350146;12.687313124553281;130627714;3.4943178;
41.912612958481255;12.687256149578214;130640698;1.5403237;
41.91258515763127;12.68718568479356;130643711;1.5013069;
41.91256066008213;12.687122843606435;130654707;1.0553073;
41.91254768190289;12.687061609312629;130658699;2.200775;
41.91264413724899;12.686968943527674;130701670;5.6907773;
41.91283370712841;12.686846168607099;130704638;8.565605;
41.91307792927996;12.686691797384976;130707685;10.455988;
41.91335556639486;12.686517636218925;130710726;11.384057;
41.913628074506626;12.686346597303194;130713731;11.1806555;
41.913892621435664;12.686181404306748;130716680;10.419113;
41.914144798354286;12.6860240994845;130719712;10.489504;
41.914403355728254;12.685862527476102;130722723;10.269494;
41.91465926736323;12.68569880144673;130725711;10.902044;
41.91494740887666;12.685514846121446;130728683;12.065943;
41.915166055115655;12.685366712929076;130731688;7.1897173;
41.915272394830794;12.685304927803676;130734703;3.8623734;
41.91537150457823;12.685242693221937;130737692;4.2596827;
41.9155058905736;12.685157964131692;130740718;6.371023;
41.915684437082774;12.685043738256647;130743680;7.4387794;
41.915874017511726;12.684923547072891;130746682;8.354852;
41.916104268726684;12.684772047349087;130749712;9.751084;
41.916329283634326;12.684623542306136;130752691;8.982728;
41.91655719505032;12.684476184009899;130755685;10.1811495;
41.91682313766717;12.684315921219492;130758686;11.12063;
41.91703689218707;12.684181917029653;130801725;6.532516;
41.917086737545986;12.684150274860757;130804702;1.0027927;
41.91714703997635;12.684115248878724;130807710;3.8841803;
41.91728276220067;12.684026188670172;130810708;6.2569604;
41.91745846355052;12.683884368691997;130813652;8.3389;
41.91759420369045;12.683613212820985;130816687;9.536018;
41.91763817594832;12.683309435562187;130819655;7.722702;
41.917661518541614;12.68304245325081;130822644;7.4372783;
41.917691683779424;12.682760809689956;130825679;8.011796;
41.917721388516185;12.682496494525228;130828695;6.539937;
41.91773787652131;12.682341558651906;130831660;3.8677764;
41.91775885011425;12.682184115984999;130834721;4.894912;
41.917871426790285;12.682037351681602;130837691;7.2792726;
41.91812119269612;12.681995527575673;130840702;10.360691;
41.918428615334136;12.681958851608512;130843679;12.106297;
41.91876590423577;12.6818777978431;130846720;12.965501;
41.91910481098163;12.681776980054103;130849687;12.611129;
41.919409558633475;12.681625922840652;130852696;11.764575;
41.91958109261759;12.681314052202607;130855676;11.085719;
41.91963334289937;12.680895986880007;130858691;12.00018;
41.91970453043961;12.68042587372921;130901686;13.677901;
41.91984696811243;12.679996672945249;130904684;12.36389;
41.92001403139534;12.67961163622828;130907718;12.317142;
41.92019105625693;12.679214782700209;130910711;12.95351;
41.92037857669719;12.678813462654755;130913706;13.100292;
41.92059045450535;12.678466268877893;130916692;12.247818;
41.920823433931105;12.678142304236617;130919734;12.514733;
41.92103340537751;12.677817234307865;130922640;11.632993;
41.9212546532114;12.677547540588987;130925734;10.917567;
41.92148877539535;12.677345169481447;130928695;10.151497;
41.92174080717266;12.67719616932236;130931708;10.714786;
41.92199502059895;12.677048791143912;130934709;9.525741;
41.922144167458235;12.676947634185503;130937694;4.740861;
41.92219232117907;12.676896553108609;130940677;1.3032291;
41.92221866341794;12.676837901015185;130945634;2.332638;
41.92222604760902;12.676758113621442;130949692;2.1040099;
41.922149899603106;12.676604231719066;130952697;6.954118;
41.9219838712811;12.676359654413423;130955687;11.138568;
41.921840404796676;12.675968073273072;130958696;12.31488;
41.921744761777894;12.675509332681422;131001709;13.470918;
41.92176185338597;12.675019484835625;131004690;13.658303;
41.92191712726249;12.674571004650138;131007670;13.6508;
41.92220592600979;12.674281520162664;131010702;12.853176;
41.92249409327767;12.674088684131437;131013701;11.590609;
41.92278139798836;12.673942192183052;131016714;11.112473;
41.92306399965741;12.67381930738804;131019711;10.945047;
41.923264194399515;12.673585578520077;131022697;9.599873;
41.92326447774425;12.673255086416876;131025647;8.701308;
41.92319763900737;12.672940886408115;131028683;8.911403;
41.923137952315884;12.672634252539124;131031684;8.59275;
41.92307214020009;12.672304666630309;131034685;9.498286;
41.923051930284664;12.6719788011819;131037691;8.672733;
41.923061419066244;12.671693963780063;131040691;7.114819;
41.923072901549;12.671517093045965;131043683;3.6800156;
41.92307540182726;12.671456035218236;131047698;0.47187534;
41.923076062079836;12.671358559736712;131056672;3.1192195;
41.923083799833066;12.671165406562533;131059652;6.2043085;
41.923093555171846;12.670874739802258;131102647;9.024448;
41.923109604997684;12.670506874937425;131105668;10.432019;
41.92316337935092;12.67011647078036;131108721;11.05296;
41.923270894969825;12.669805432969785;131111664;8.041947;
41.923356535943434;12.669634129438093;131114689;3.0396025;
41.923388744270014;12.669582022420519;131119708;0.50122976;
41.923437118635704;12.669506199587227;131126695;3.8024907;
41.92352853018272;12.66934181605324;131129691;6.698028;
41.92366629868609;12.66909641294505;131132698;9.209749;
41.923831289343894;12.66880079751668;131135660;10.329567;
41.92393073296054;12.668495809801568;131138684;8.879178;
41.92384135747936;12.668207348711817;131141680;9.026454;
41.92361184205417;12.668053896534868;131144671;9.760923;
41.92336754543127;12.66793483801007;131147678;9.312112;
41.9231597093438;12.66783350208935;131150694;7.8722806;
41.922931016075;12.667718049239404;131153686;9.555194;
41.92267664763078;12.667582468320406;131156682;10.444943;
41.92244766507929;12.667382744572834;131159688;10.297248;
41.92231319153948;12.667052507123245;131202697;10.543111;
41.92230619434535;12.666655532319476;131205709;11.395622;
41.9223530990688;12.666228544839937;131208707;12.037059;
41.92227290249092;12.665813283051975;131211630;12.198006;
41.92206167754534;12.665457728157415;131214685;12.661317;
41.92189400216883;12.665032917010395;131217696;13.85681;
41.92182500300938;12.664538404659101;131220711;13.938772;
41.921788288626914;12.664041476277385;131223703;13.813183;
41.92169697172283;12.663520958004609;131226681;15.412877;
41.92153043215334;12.662992615472298;131229722;15.957117;
41.92133571814076;12.662482520680825;131232690;15.707119;
41.92113182835316;12.661957443029642;131235710;16.633944;
41.92093841090036;12.66139820121432;131238640;17.188318;
41.920763054065944;12.660822089152331;131241702;16.944935;
41.92060129585054;12.660243892609843;131244677;17.116995;
41.920436750162885;12.659677675536892;131247701;16.72119;
41.92026174693006;12.659112122338831;131250691;16.819258;
41.92008641868168;12.65856808137601;131253690;16.369608;
41.919913802160764;12.657999012171539;131256694;17.256632;
41.919773067471546;12.657374628626616;131259689;18.187468;
41.91964876576421;12.65673453923075;131302647;18.806509;
41.9195569358837;12.656084084541128;131305651;18.408627;
41.91947218320761;12.655437643857313;131308648;18.198225;
41.919378579622624;12.654767310098386;131311697;18.84278;
41.9192728818925;12.654074665073095;131314675;19.446264;
41.91903601696996;12.653444465284752;131317685;19.713589;
41.91866739135727;12.652927554921535;131320689;20.29353;
41.9182266753318;12.652537527548505;131323713;19.635426;
41.917736109431864;12.652375445129502;131326709;18.822647;
41.91725099349888;12.652285806966773;131329698;18.105886;
41.916784989308596;12.652148899533568;131332667;17.516478;
41.916356876977616;12.65192336522485;131335686;16.97007;
41.91595896172134;12.651639481391623;131338714;16.610296;
41.915592940793886;12.65130225166042;131341659;16.357775;
41.915274973262065;12.6509498665858;131344691;14.237927;
41.9150267961534;12.650718477045114;131347667;10.123625;
41.91478184259381;12.650554405111333;131350704;11.035785;
41.91448275463412;12.650385083765066;131353704;12.700539;
41.914121919004934;12.650183959803382;131356688;15.227476;
41.913717020626684;12.650006594444012;131359693;15.799912;
41.91332250360428;12.649790160625049;131402680;15.718389;
41.912963406383405;12.64954076090924;131405678;14.411518;
41.91272321120742;12.649395803088208;131408677;7.119093;
41.9125760317358;12.649311585222728;131411692;5.487694;
41.91245843069894;12.649122632429917;131414683;7.79028;
41.912335570654605;12.648805242622977;131417702;10.975609;
41.912147231194844;12.648450607181513;131420685;12.6406765;
41.91192803114129;12.648069200847846;131423670;13.703785;
41.911723038931356;12.64764737596672;131426692;14.465688;
41.91158384322665;12.647127707061424;131429704;15.211644;
41.91151074434585;12.646591722333948;131432675;14.891561;
41.911487840266176;12.646038956993394;131435713;15.610513;
41.91147469381979;12.645467008795368;131438694;15.588996;
41.911476700976515;12.644899119277618;131441673;16.072216;
41.91149206451254;12.64430128195038;131444740;16.621485;
41.91151467866328;12.643696490598156;131447699;16.72661;
41.911571305005204;12.64307535840266;131450512;17.763685;
41.91163433468852;12.642420176763034;131453484;18.343653;
41.91166830706775;12.641754425870106;131456482;18.311722;
41.91163788499867;12.641151961484097;131459479;15.5379715;
41.91153958238071;12.640687872232784;131502448;12.496389;
41.91141981136761;12.640331178241745;131505476;9.5657015;
41.91134392675839;12.640089829637004;131508490;6.9069333;
41.91137751590037;12.639792155956702;131511486;9.750702;
41.91149597344124;12.6394192421269;131514530;11.929151;
41.911679988539355;12.638996130942768;131517492;14.469766;
41.91190433655532;12.63849672960324;131520490;16.918747;
41.912139140042896;12.637971585812341;131523440;16.741938;
41.912353413738856;12.637435140444282;131526479;17.18318;
41.91249032748519;12.636805949561358;131529503;18.62266;
41.9125983840766;12.636127447820074;131532483;19.984442;
41.91270168662335;12.635430073777137;131535465;19.43859;
41.91288140951488;12.634815517319309;131538487;17.156292;
41.913230894640975;12.634441094548722;131541496;16.994843;
41.91362793462113;12.634160645637856;131544482;16.179789;
41.91397437644945;12.633922730894065;131547503;13.378909;
41.914330890998365;12.633863224218908;131550484;13.083333;
41.91465052133552;12.63388791341766;131553457;11.4277115;
41.91493108291994;12.633855266046488;131556443;7.5910726;
41.91515151747977;12.633870871902744;131559480;8.6361;
41.915306979025644;12.633857859492178;131602505;3.7179527;
41.91535730557674;12.63382500751092;131605481;2.3389869;
41.915353687654665;12.633696287632796;131608489;4.421039;
41.91521020672602;12.633611223864325;131611479;7.280307;
41.91502479343119;12.633552332730208;131614518;6.178599;
41.91491793146539;12.633355501541768;131617502;7.1701264;
41.914831352120665;12.633012996329045;131620483;11.191892;
41.91476876911193;12.632566348331048;131623500;13.308634;
41.91471700199758;12.632037620015003;131626515;15.3719635;
41.91466767695719;12.631445004508155;131629475;16.676899;
41.91457887291743;12.630823940068744;131632494;17.815619;
41.91448053734016;12.630164945398237;131635486;18.842676;
41.91437803514648;12.62948535176951;131638508;18.99313;
41.91425452165933;12.62882394483344;131641487;18.694353;
41.9141122245913;12.628182424070404;131644499;18.34872;
41.91396718645442;12.627557631393014;131647438;17.8831;
41.91382296126518;12.62695098151006;131650449;17.243353;
41.91370760065922;12.626400708110474;131653452;15.0893955;
41.913612227066736;12.62590154358678;131656486;13.767543;
41.91353358293966;12.625408366616247;131659504;14.352002;
41.913447969074525;12.624872494599888;131702464;15.345347;
41.913354937966574;12.624353618848652;131705488;14.523902;
41.9132628868488;12.62386705449648;131708498;13.775191;
41.913171866545426;12.623400979752889;131711499;13.089999;
41.91308008780075;12.622962471673581;131714475;12.451503;
41.91300185867558;12.622512406960748;131717532;13.073211;
41.912921961841576;12.622063555172153;131720496;12.72711;
41.912781310269516;12.621649000925094;131723493;12.287719;
41.912632281477805;12.621269406470752;131726483;11.8884735;
41.912544872280186;12.620846133747675;131729502;12.345346;
41.912460691776836;12.620402599965077;131732494;12.908728;
41.91236742549271;12.619945736815135;131735504;13.208374;
41.91227674212398;12.61948361074132;131738479;13.192792;
41.91219537939932;12.61903173697396;131741501;12.213526;
41.912170560906254;12.618671989869679;131744484;8.70277;
41.912169909346304;12.618393521789413;131747496;7.1808105;
41.91216242205721;12.618162194463403;131750490;6.0791445;
41.91211588420651;12.617985508527005;131753482;4.84195;
41.91195239086921;12.617992865027873;131756478;7.0145235;
41.91175818284355;12.618064161729446;131759478;6.6974444;
41.911603476894726;12.618116133933595;131802509;4.6792736;
41.91148501152128;12.618064036353482;131805489;5.7829647;
41.911411557664366;12.617773611372161;131808471;9.354927;
41.911329767059684;12.617420762987734;131811507;10.371508;
41.91123003083902;12.61708253155672;131814471;9.576507;
41.911022698443595;12.616873578363574;131817480;10.1019125;
41.91073831935672;12.616808290541844;131820488;11.369001;
41.91040816013691;12.616812085249725;131823500;12.741594;
41.910032363785;12.616805549351088;131826497;14.479401;
41.909627069303895;12.616788426262902;131829471;14.9232855;
41.90925968617267;12.616769297854107;131832506;13.141407;
41.90895346252761;12.61673121782556;131835477;10.338596;
41.90873627151756;12.61656842613158;131838509;9.663595;
41.90868972327973;12.616214577322408;131841486;9.325237;
41.908807157778625;12.615916904718409;131844490;9.449095;
41.90907975575671;12.615837296057816;131847492;11.431836;
41.909426652766726;12.615843974880056;131850501;13.623542;
41.909827372125;12.61584792463795;131853486;15.201237;
41.91026338706633;12.61584109817496;131856434;16.427145;
41.91071734048087;12.61584416450021;131859490;17.080683;
41.91120145909196;12.61585633267808;131902480;18.428228;
41.911727259261866;12.61587266389252;131905515;20.099571;
41.91226695727972;12.615886797220076;131908470;20.20158;
41.91280957591728;12.615900071866989;131911496;20.322632;
41.91337341996437;12.61591727230686;131914473;21.08922;
41.91395387725042;12.615901361064529;131917493;21.463793;
41.91451916317733;12.6158002635166;131920512;20.973116;
41.915054580710844;12.615625339800145;131923451;19.962439;
41.915485442846254;12.615422418115122;131926495;15.932556;
41.915836456673944;12.615216356907109;131929481;13.830112;
41.91615732089178;12.614994593363717;131932477;12.973043;
41.91640403215146;12.614799720727731;131935502;10.189232;
41.91666118348379;12.61460551256805;131938511;11.81888;
41.91698222114434;12.614362319026107;131941485;14.543901;
41.91733250818752;12.614099452543888;131944476;15.077966;
41.91770797322658;12.613826367613639;131947491;16.015776;
41.918087675921434;12.613557691703868;131950507;15.93157;
41.91848110880432;12.613271277699674;131953460;16.912174;
41.91886782500796;12.612965752230691;131956496;16.466862;
41.919258924187524;12.612657024566465;131959493;17.237974;
41.919667960577655;12.61233719044706;132002497;16.243029;
41.919975876684276;12.612096135095886;132005475;12.7072115;
41.92027545241381;12.611872889034924;132008519;12.941945;
41.920595872727674;12.611619640234705;132011476;14.235651;
41.92092717736175;12.611356120539144;132014460;13.991237;
41.92123461524129;12.611124903992238;132017501;12.071605;
41.92148371879325;12.611044366862775;132020493;8.708275;
41.92167070868791;12.611116128879573;132023497;6.709588;
41.92180492977841;12.611274194366423;132026473;6.949435;
41.92185967334166;12.611506740320191;132029476;6.8470583;
41.92184942793894;12.611771390341435;132032483;7.838473;
41.92170628968618;12.61199550777227;132035479;8.275965;
41.9214786225027;12.612051230824187;132038482;9.065494;
41.92122418052743;12.61188893648679;132041490;11.165995;
41.920991619580825;12.6115699386883;132044497;12.954794;
41.920726139663984;12.611173083040594;132047499;15.515326;
41.92043354062396;12.610716701551027;132050476;17.153921;
41.920124480353564;12.61021486243536;132053488;18.016943;
41.91980447876644;12.609685407446058;132056467;19.08238;
41.91948536967724;12.609160383383161;132059500;18.601099;
41.919160064562064;12.608625413058675;132102475;19.291857;
41.91882745733956;12.60807212432947;132105492;19.632954;
41.91850683405137;12.607512217166018;132108483;19.65712;
41.91818308209542;12.606953795872963;132111508;19.465235;
41.91785999704699;12.606374844660314;132114476;19.94062;
41.9175543353032;12.605798218527895;132117496;19.296879;
41.917311617337006;12.605218244911907;132120484;17.997974;
41.91712718445403;12.604610322398244;132123489;18.300037;
41.91696879917647;12.603969257610958;132126484;18.806269;
41.916785539407286;12.603312220132286;132129483;19.832026;
41.91653572603974;12.602668621302957;132132494;20.265078;
41.91620026116412;12.60206169421196;132135477;21.221241;
41.91579957291802;12.601472188616455;132138492;21.863438;
41.91541821683296;12.600860775109203;132141469;22.299095;
41.91509082433139;12.600171458798693;132144508;22.873877;
41.914831754891125;12.59942592804226;132147504;22.408623;
41.91459154124114;12.598671447412606;132150516;22.708447;
41.914349912275455;12.597910302350957;132153493;23.08867;
41.914109901900666;12.597132426824922;132156483;23.424347;
41.91387243183642;12.596335596578031;132159493;24.149334;
41.9136309344495;12.595488775932907;132202517;25.337072;
41.913388993956055;12.594616363346757;132205503;25.697708;
41.91316126497777;12.593764165369501;132208489;24.712461;
41.91293983716778;12.59290733079716;132211478;25.282879;
41.91272271304727;12.592057779229723;132214493;24.468096;
41.912525289592146;12.591234664402064;132217463;23.554234;
41.91233919427673;12.59043442338882;132220497;23.117369;
41.91215589527364;12.589616733935152;132223471;23.566954;
41.91197157511781;12.588773157410955;132226499;24.672764;
41.911783309688445;12.587882614100792;132229471;26.011917;
41.91158946910611;12.586947729181992;132232437;26.998095;
41.911389451837614;12.58599637770139;132235486;27.409504;
41.911174302733485;12.585043365629414;132238471;27.483383;
41.91096085179299;12.584093650456248;132241431;27.314083;
41.91075976977307;12.58314293643497;132244470;27.331533;
41.91056429125107;12.582179832266146;132247471;27.598831;
41.9103382962344;12.581262938036803;132250501;26.126831;
41.91009690238506;12.58040497632818;132253500;25.237757;
41.90985642769352;12.57954601691377;132256477;26.515707;
41.90959698539897;12.578623327912684;132259484;28.121334;
41.90932331976998;12.577628961266344;132302476;29.999695;
41.909023419063864;12.576579922764557;132305485;31.548557;
41.908685735032016;12.5755044278286;132308476;32.574665;
41.90829754488269;12.574461635387578;132311488;31.477953;
41.90791130271552;12.573482793969001;132314498;29.687826;
41.907516173575935;12.572545722626087;132317488;29.77231;
41.90712808605154;12.571602250561313;132320499;30.044758;
41.90674908444449;12.570641395728757;132323480;29.928854;
41.90637954690096;12.569699989621324;132326478;29.41716;
41.906020546207;12.568754521476805;132329478;29.155348;
41.90568607470211;12.567837141761489;132332475;27.90018;
41.90537315062269;12.566927396987351;132335514;28.030869;
41.905067230459245;12.565994260135792;132338482;28.126085;
41.904777278506174;12.56507210349119;132341485;27.252127;
41.904512080430344;12.564174669952994;132344490;26.666433;
41.90425809949229;12.563262577507732;132347512;27.004318;
41.90401561545652;12.56233691171172;132350444;26.9994;
41.90379364250943;12.561409977946566;132353495;26.80696;
41.903583047029585;12.560491286585878;132356487;26.525541;
41.90338658638813;12.559570165215533;132359473;26.386786;
41.90320496358418;12.558645515686871;132402490;26.402826;
41.90303240909231;12.557715807214338;132405496;26.477764;
41.90286589891133;12.556777300483324;132408456;26.767597;
41.90269862423721;12.555825088822672;132411482;27.224064;
41.90252891921148;12.554858051765644;132414499;27.686913;
41.902347268984755;12.553888145091962;132417477;27.679829;
41.902149648857076;12.552920801032744;132420460;27.859034;
41.90191610868216;12.55196432394477;132423485;27.752537;
41.90166156390376;12.551060450990395;132426478;26.215218;
41.90139595067435;12.550218538517182;132429497;24.794281;
41.901138403172794;12.549414172773487;132432497;24.432169;
41.90087514794481;12.548637923779237;132435480;23.01965;
41.90063133281855;12.547886163112896;132438497;22.730703;
41.900411849218415;12.547102806959728;132441489;23.302782;
41.900221740911306;12.546319576923235;132444475;22.844595;
41.90007082577131;12.545501234555305;132447493;23.624039;
41.899959404525795;12.544640109011034;132450485;24.624683;
41.89987280914096;12.543719622893805;132453480;26.137192;
41.899816365767585;12.542754532217057;132456505;27.285952;
41.8997183214204;12.541787591537052;132459486;26.707083;
41.89953954735224;12.540884377937084;132502481;24.742249;
41.89935294068273;12.540044360443355;132505458;24.0959;
41.89922787061028;12.539284807715582;132508481;20.313782;
41.89923163219851;12.538490129071645;132511471;23.34969;
41.90101887968153;12.533049569916173;132537497;16.554968;
41.901140723998274;12.532611387499006;132540467;14.47915;
41.9012797733539;12.532213563607662;132543501;10.527741;
41.90143687971409;12.531994537911274;132546484;8.425302;
41.901625032210184;12.531811620348462;132549493;9.684552;
41.90184644318591;12.531631469194837;132552499;9.590752;
41.902061448821954;12.531463085171197;132555473;8.668685;
41.902178945805375;12.53128921712773;132558465;4.8992925;
41.902202779871246;12.531156281860733;132630479;0.0;
41.902204603364055;12.531076117555736;132649487;3.8447738;
41.902091928288655;12.530903174992938;132652492;7.0901732;
41.90186666716285;12.53073391713964;132655469;10.791742;
41.901568085184884;12.530518118558419;132658464;12.775583;
41.9012510767475;12.53029274955387;132701435;13.542046;
41.900942637747214;12.52995710830327;132704424;15.55957;
41.900627900495714;12.529544391969745;132707540;16.243109;
41.900333202059926;12.529175280012373;132710495;14.4090395;
41.90003794195142;12.528820399617928;132713495;15.183914;
41.89971310489362;12.528417768494087;132716482;17.027952;
41.89937461647552;12.527959382706396;132719499;17.62319;
41.899065038116284;12.527517643214804;132722475;15.856364;
41.89879375399231;12.527110023185292;132725495;15.123052;
41.89853022199276;12.526688438316054;132728482;14.860475;
41.89830027103161;12.526278027496717;132731469;13.718657;
41.898126052890305;12.525929356583584;132734475;10.802301;
41.89797220431241;12.525576993307908;132737474;11.723193;
41.897824016411775;12.525190346815522;132740503;11.469391;
41.89769755594637;12.524770022924356;132743477;13.019775;
41.8975696622209;12.524275896252409;132746488;15.014118;
41.897454268723806;12.523715362292027;132749483;16.3693;
41.89734454500525;12.523120496034979;132752489;17.186365;
41.897257118225724;12.522488415176426;132755492;18.010138;
41.89720766898344;12.521853301049966;132758488;17.153381;
41.89717782716912;12.521226091983412;132801492;17.668919;
41.897132723401626;12.520574075783573;132804479;18.334986;
41.89701070074491;12.519918418002437;132807495;18.867579;
41.89676644012461;12.519321530897281;132810474;18.844332;
41.896400192148185;12.518818627760819;132813472;19.694984;
41.895974133356845;12.518411761921278;132816476;18.994452;
41.89554392934882;12.51805750607846;132819489;18.723673;
41.89513221591127;12.517706872341078;132822493;17.483196;
41.89472903475665;12.517484188873844;132825487;15.828625;
41.894310144509014;12.517511612302426;132828500;15.657461;
41.893936032760905;12.517763121892362;132831496;15.744684;
41.893658582701846;12.518194666201198;132834464;16.129784;
41.893441133567165;12.518722307852636;132837456;16.437887;
41.893217917486616;12.519238136426006;132840505;16.607462;
41.892919958697014;12.51968013344155;132843477;16.426289;
41.892585629989824;12.520019275407158;132846483;15.370547;
41.89222241354542;12.520255820893201;132849501;14.671347;
41.891864743229995;12.520398788564025;132852501;13.284183;
41.89152275526658;12.52050422033797;132855492;13.051614;
41.891164932561885;12.520558591538585;132858483;13.948172;
41.89079512496131;12.520447859790018;132901494;14.087494;
41.89045100923089;12.520258235584523;132904503;13.560888;
41.89011193019315;12.52000566064215;132907518;14.691961;
41.88977113461698;12.519731287513235;132910477;14.449933;
41.88944374979355;12.519417324545001;132913486;14.921336;
41.88913477779192;12.519086383106135;132916460;14.054851;
41.88884190604498;12.518806299279328;132919489;13.469587;
41.888543667810325;12.518542652697986;132922482;12.903991;
41.88826983246741;12.518300926984741;132925487;11.892816;
41.888010038739125;12.518081692958532;132928471;11.039523;
41.88776827444209;12.517844121427672;132931484;11.527576;
41.88760253628158;12.517486056569922;132934476;12.03994;
41.887515118780804;12.517037079635424;132937472;12.845163;
41.88743698339392;12.51658807839395;132940496;12.589398;
41.88736552251742;12.516211612109025;132943432;8.637214;
41.88732419535166;12.516036201618068;132946496;3.908238;
41.887308345565465;12.51594361506404;132949489;1.5811784;
41.88726370061451;12.515876497192723;133023492;1.2498276;
41.88725777574139;12.515812717631091;133026490;1.2032114;
41.887304975011205;12.515796101935424;133044495;0.0;
41.88730863141109;12.515715155593305;133108486;3.264959;
41.88727884592991;12.515525398146513;133111496;6.001303;
41.88724742692931;12.515260789204657;133114488;8.652943;
41.887241507363086;12.514898654469144;133117496;10.903606;
41.88724500078687;12.51447236244866;133120471;12.302326;
41.88723408256106;12.514033833677475;133123481;11.918211;
41.88713941490678;12.513638441299946;133126468;11.323575;
41.887000377813244;12.513223032834338;133129467;12.89111;
41.8868911474291;12.512889259756696;133132489;8.884582;
41.886809461969506;12.512667322683773;133135487;5.883845;
41.88667889064529;12.51258188738508;133138486;5.653634;
41.886508476459476;12.512614492198152;133141473;6.240994;
41.886411141016275;12.512644143722833;133144494;1.4021579;
41.88637859592358;12.512685765988524;133245472;0.8170548;
41.88632454977977;12.512695024519928;133249470;2.0261204;
41.886247024085506;12.512707679374412;133252448;3.9747193;
41.88614643855508;12.512732276691604;133255498;3.5440745;
41.886066932640404;12.512748698023593;133258459;2.809457;
41.88599166883236;12.5127209177608;133301443;2.580121;
41.885954921365794;12.512535537172063;133304492;5.71624;
41.88592859344487;12.512384486727258;133307483;3.111767;
41.88591447600034;12.512313899048328;133311499;1.1888237;
41.88589884846493;12.51222528817709;133326502;2.7645922;
41.88586952627229;12.512049187245257;133329461;6.028805;
41.885829229357235;12.511792741332554;133332485;7.9440804;
41.88579074256075;12.51154789980738;133335470;5.7419696;
41.88577441940108;12.511419954192903;133338488;2.1999629;
41.885760415362775;12.511326334177813;133341475;3.2615836;
41.88573603575597;12.511182810764309;133344494;4.4745092;
41.88570830932799;12.510970885834524;133347466;6.880632;
41.88567371490702;12.510667414652518;133350470;9.009526;
41.8856369410355;12.510374367469776;133353522;7.238337;
41.88558804452279;12.510091381419809;133356482;8.768697;
41.88544679605653;12.509798399347222;133359435;9.495926;
41.88529379649085;12.509629692535812;133402483;6.0085435;
41.88517627506773;12.509553381023633;133405492;4.758555;
41.88502100262337;12.509496561748712;133408493;6.429344;
41.88489158162248;12.509441596750667;133411489;4.5512657;
41.8847365823526;12.509374946324051;133414477;7.0588064;
41.88448104372371;12.509256779939466;133417485;11.385736;
41.884239395766556;12.509155013732146;133420488;7.223482;
41.8841805095587;12.509131306189254;133423465;1.2457843;
41.884117847793945;12.509111862825506;133430480;3.3922493;
41.883952777294105;12.509052556113263;133433489;7.258721;
41.88369675809738;12.508956848133622;133436489;11.075781;
41.88340710949826;12.508832997448247;133439488;10.880681;
41.88316610849207;12.508730807561674;133442473;8.387133;
41.883021223342446;12.5086697051999;133445490;3.949385;
41.882972738598546;12.508623993860056;133502501;1.889104;
41.88285769997443;12.508575758792572;133505487;5.39924;
41.882698851965;12.508509150773389;133508493;6.8201;
41.882513889635106;12.508431188769826;133511472;7.895047;
41.88232463996462;12.50835184815928;133514474;6.9720173;
41.8821626794164;12.50829456473561;133517480;5.8688374;
41.88203609234976;12.508259237551878;133520462;4.6545296;
41.881876172805086;12.508199671893719;133523474;6.259503;
41.88176781255894;12.508161114194134;133526493;3.635721;
41.88167168066104;12.508139414468404;133529477;4.0603614;
41.88154885428572;12.508116027782016;133532491;4.806554;
41.88142499327206;12.508101222149614;133535483;4.6039333;
41.88128597973458;12.508091651151682;133538492;5.671739;
41.881087704625216;12.508099003882782;133541498;8.4410305;
41.88077632440006;12.508128620260102;133544473;11.741515;
41.880455624297895;12.508142572705516;133547479;11.439989;
41.88015714824779;12.508156283051164;133550468;9.772563;
41.87989655916286;12.508170294424387;133553489;9.515457;
41.87961659157442;12.508196133017835;133556482;9.339639;
41.87943214181714;12.508208276620767;133559468;5.459334;
41.87929734628059;12.508211054822647;133602485;5.093998;
41.87913875505952;12.508214311164453;133605483;6.3779125;
41.87892714152412;12.50822320945137;133608510;8.1079855;
41.87870312665953;12.50823683840907;133611478;8.427272;
41.878432249592265;12.508256438313552;133614485;10.937261;
41.87814539927519;12.508270811020578;133617474;9.800249;
41.87789315530911;12.508267576466682;133620480;8.620896;
41.87766748871027;12.50825544103172;133623486;8.149381;
41.87747723281121;12.508237069716321;133626482;5.8248906;
41.87737139741954;12.508214497849336;133629486;1.4077485;
41.87730493381483;12.508188741229121;133711450;4.081988;
41.877179061220446;12.508164739924814;133714487;5.242577;
41.87703222892028;12.508135939142322;133717505;6.1246347;
41.8768535618561;12.508094468584869;133720490;6.2334957;
41.87664308350274;12.5080233120094;133723493;7.625966;
41.87638886617174;12.50792832043776;133726493;8.150625;
41.87619486967916;12.50784594680881;133729496;6.9332223;
41.87604544160441;12.50777772654935;133732492;5.9052353;
41.875867957190806;12.507685218751986;133735478;7.3918037;
41.87568707572512;12.507587774321687;133738471;6.52545;
41.875528850802745;12.507478844774633;133741466;4.5232415;
41.875570060189276;12.507272303661146;133744488;6.108408;
41.875655999811265;12.507008621621706;133747479;8.084595;
41.875759615412136;12.506746192628974;133750467;7.635766;
41.8758127837508;12.506556180874494;133753484;4.8978405;
41.87587297127549;12.50639782716304;133756502;6.4595137;
41.875978192947585;12.50613027390349;133759491;9.045833;
41.87607025871567;12.505867433557205;133802490;7.256472;
41.8761236049244;12.505723470315827;133805511;2.9134927;
41.876149933969046;12.505642294020078;133809482;2.3453577;
41.87622336633645;12.505419899562334;133812474;7.0896997;
41.87634474581606;12.50508936337384;133815460;10.446551;
41.87648233047843;12.504743764858283;133818490;10.043168;
41.876600288490096;12.504435511197547;133821473;8.701954;
41.876665991730086;12.504233290188768;133824467;4.6266994;
41.8766983309837;12.504151682227254;133827503;1.3199073;
41.87668472543566;12.504086626962495;133834498;3.7402587;
41.87657838205713;12.504012758368162;133837482;5.522333;
41.876393621567445;12.503896638949945;133840486;7.446878;
41.87618806993117;12.503769077262618;133843483;8.239058;
41.876077173075906;12.50368074406267;133846458;2.7703013;
41.87608463274902;12.503600048223426;133850500;3.4260514;
41.87617039001735;12.503436182960122;133853504;7.040104;
41.87630332454464;12.50320810243981;133856486;8.657;
41.87645051043448;12.502969984107102;133859508;7.136291;
41.87653514039576;12.50295237223582;133902476;3.0585425;
41.87668449560289;12.503041811807764;133905478;7.4612527;
41.876894157802454;12.50312483541342;133908489;7.9569473;
41.877061850036995;12.503168620621738;133911492;5.429917;
41.877257634063355;12.503197930343783;133914477;8.509656;
41.8774903230163;12.503198415761869;133917525;7.9562826;
41.87764372914934;12.503183543393922;133920490;3.9653609;
41.877695594659286;12.503195519285928;133923492;1.816592;
41.87772172443522;12.503290664748956;133926490;3.6321044;
41.8777150245129;12.503479469708003;133929492;6.1276126;
41.87766161594312;12.50374116036977;133932507;7.6842194;
41.877600693055896;12.503994945632627;133935479;7.053468;
41.877510668766526;12.504199574489332;133938491;6.3759007;
41.87742732410919;12.5043680109883;133941484;5.0473847;
41.877367759316506;12.504468193076248;133944475;1.9100579;
41.87734385879031;12.504528041016187;133954464;0.8009899;
41.87729776091308;12.504569879967764;134002473;2.1941366;
41.87735303504528;12.504604758408792;134012485;2.0697646;
41.87731333073274;12.50456995497697;134019496;4.108938;
41.87722439580764;12.504496147566488;134022471;2.3230407;
41.87716840703449;12.504446312875523;134031465;3.1298962;
41.87706767972079;12.504361038414498;134034495;4.945167;
41.87695390974473;12.504262186028221;134037486;4.746571;
41.87684837430293;12.504182077820257;134040464;4.1485353;
41.876780737659644;12.504102541194994;134043501;3.1694946;
41.87677862008385;12.503946657378433;134046490;5.8152313;
41.87687122663791;12.503703644993012;134049457;8.44832;
41.87698113199074;12.503411599447139;134052475;8.975613;
41.87705371284693;12.503226142970057;134055475;3.2714908;
41.87708258409728;12.503155966499607;134058479;2.970934;
41.87710833048188;12.503038185288618;134101483;2.025267;
41.87714317942435;12.502993683265968;134104516;2.0722013;
41.877256763368564;12.502987509743537;134107499;3.57102;
41.87731983949222;12.502982610224668;134110494;1.5133158;
41.87725466211041;12.503033325300844;134251473;1.0678824;
41.87730812865019;12.503066685861524;134307463;1.2130575;
41.877356307635075;12.50304864632813;134311489;1.2761953;
41.87741086595128;12.503033408145116;134315437;1.2036908;
41.87746456992893;12.503021678930045;134319490;1.2752961;
41.877508906000024;12.503004943854904;134322492;1.1145463;
41.87755420154435;12.502986431433628;134326498;1.1122386;
41.87760595703364;12.50298578010638;134330458;1.4954804;
41.877647752658746;12.50301769410809;134334478;1.3283248;
41.87768414505781;12.503069958225689;134338483;1.326333;
41.877713533902444;12.503116870302756;134342484;0.99079686;
41.877760263289105;12.503145076854201;134347473;1.048541;
41.877805685648774;12.503133657994276;134350490;2.2267873;
41.877858846926934;12.503155693210921;134354487;1.7336634;
41.87790418234012;12.503201648905431;134401467;0.9985103;
41.87793891284118;12.503260109713391;134408495;0.82218456;
41.87797404459378;12.50330689315153;134412471;1.2391783;
41.87800329418814;12.503354096225818;134416494;0.95750606;
41.87804021124831;12.503407924287059;134421459;0.96230966;
41.87807261397611;12.503506967077127;134428484;0.0;
41.87809954242603;12.503569736999806;134432529;0.8944741;
41.878136655694576;12.503636238906749;134437506;1.0957091;
41.87816134598945;12.503704749005703;134444514;1.2298013;
41.87817960358903;12.503788277365251;134449479;0.98639494;
41.87820818521258;12.503843073107092;134453467;1.1114721;
41.87827086100099;12.503946959024638;134504441;0.98622465;
41.87830658741303;12.503991626970986;134509481;0.9330127;
41.878346632028666;12.504046964838034;134513483;0.8231397;
41.878364136251555;12.504121841447615;134517505;1.4027848;
41.87837372464629;12.504195756770526;134523450;0.0;
41.878355778955466;12.504264608463203;134528462;0.8449753;
41.8783475852895;12.504344640043835;134535490;0.0;
41.87832933144763;12.50441605661756;134541473;0.9679929;
41.878310613953715;12.504480969121696;134545475;0.92266756;
41.87830388767212;12.50454338020579;134548492;1.513903;
41.87829765297442;12.504613792854371;134551471;1.1491687;
41.87828898486866;12.504682929284929;134555517;1.1387217;
41.878257786561825;12.504744668794842;134559497;1.24614;
41.87823309855167;12.504803313796167;134603475;1.3517579;
41.87820445596895;12.50487442479927;134609486;1.018403;
41.878193361802666;12.504936722203114;134613502;1.0615377;
41.87817684691203;12.504993045411368;134617497;1.0603682;
41.87813970912172;12.505032668717787;134621489;0.8975157;
41.87808899530397;12.505101534907535;134631490;0.0;
41.878034378646255;12.505136245047233;134644490;0.86447036;
41.87798718764349;12.505097762703647;134657486;1.0415542;
41.8779282092518;12.50504288549892;134702472;1.0153695;
41.877869715477104;12.505016252056485;134706493;1.1550711;
41.877797403710005;12.504984438832993;134714484;0.0;
41.87774505729412;12.505025040588698;134719506;1.6250991;
41.87769043698503;12.50503594218207;134722480;1.1769602;
41.8776446393482;12.505072239716474;134725444;1.2169099;
41.8775970148538;12.50518198215021;134743459;0.0;
41.87755330881694;12.505200443038552;134759478;0.010695921;
41.87755484001604;12.505135803029276;135005429;0.033027384;
41.877537755802265;12.505194751995377;135347444;0.018253332;
41.87757564363436;12.50516220913786;135836423;0.014454869;
41.87753021680698;12.505180255347991;140122399;0.025100155;
41.877586935925976;12.505156657012575;140244495;0.3313951;
41.87762699823583;12.505193138421783;140252460;0.45351106;
41.877672932998664;12.50521616578205;140256443;0.9162129;
41.87772182591141;12.505230602117216;140301483;0.8540921;
41.87777008378049;12.505252849307958;140308447;0.27679017;
41.87772854216162;12.50520458774722;140329456;0.06374315;
41.87776214237954;12.505149089957017;140339458;0.01766795;
41.87781194030783;12.505164312702616;140359481;0.3019501;
41.87782354436194;12.505233184268544;140410463;0.20374273;
41.87785527212401;12.505282564288061;140420479;0.6480064;
41.877847340881324;12.50534451855883;140435461;0.538623;
41.87779745182237;12.505312719847865;140439487;0.9692029;
41.87775133141584;12.505275197066954;140443489;1.0771285;
41.87770233204132;12.505233323888213;140447443;1.0301515;
41.87765517455234;12.50520993615521;140452480;0.008649149;
41.87760883150042;12.505221329857923;140457498;0.4208791;
41.87762977933219;12.505161106776624;140512487;0.30387595;
41.87768949300385;12.50517941044958;140516486;1.0722421;
41.87774015524804;12.505210810497143;140520476;1.0632695;
41.87777874051699;12.505246754510226;140523489;1.0652733;
41.877823858706215;12.505303733107127;140527500;1.0986423;
41.8778543597502;12.505349486361604;140534470;0.046443038;
41.87780982187752;12.50531151595236;140539463;0.91853076;
41.87776311937825;12.505274077925073;140544449;0.74323833;
41.87772428006651;12.505220375574705;140549451;0.7107736;
41.87767392180066;12.505185416549727;140552476;0.78503764;
41.87762000963065;12.505182988936253;140555492;0.7884731;
41.87757541094964;12.505191736626394;140603486;0.040299065;
41.87762477032144;12.50519566661243;140627470;0.66097057;
41.87767030059368;12.505229454562906;140632472;0.6252169;
41.87771635371729;12.505239726461518;140637443;0.69446707;
41.877748547236195;12.505194222352827;140653468;0.40571085;
41.87778650207418;12.505155363920924;140716432;0.25977546;
41.87782510410044;12.505187102393592;140735471;0.24793932;
41.87785688267845;12.505245194333709;140805477;0.5341102;
41.87787593057767;12.505307976244008;140809452;0.724598;
41.87792006190842;12.505332643871023;140815465;0.7700138;
41.87788256618143;12.505372360545449;140847468;0.81343764;
41.87783511260358;12.505354521011162;140854485;0.82464737;
41.87783823105215;12.505290127750593;140910500;0.66655934;
41.87788191020689;12.505258911184065;140915469;0.68797266;
41.877878321987595;12.505190384934076;141019489;0.005413485;
41.87792528425785;12.5051651502152;141027473;0.103701904;
41.877883827407715;12.505188761993141;141037464;0.49836832;
41.877898905968415;12.505245638271447;141104479;0.043774407;
41.87794671536257;12.505262836378144;141117457;0.70255435;
41.87789141952268;12.50526398034719;141202176;0.20916434;
41.87786508246848;12.505313318905054;141218178;0.025250286;
41.87790923448668;12.505286940241554;141240138;0.2288028;
41.87794643267657;12.505247010107974;141304194;0.32939717;
41.87794734324515;12.505327706256349;141316163;0.27233803;
41.87789366114052;12.505368126872732;141319181;0.68284667;
41.87784090630521;12.505342590452589;141322187;0.7212293;
41.877804207896006;12.505300188722611;141325198;0.8178027;
41.87776603892995;12.50526251784952;141329178;0.8170268;
41.87772180777312;12.505247314824038;141333200;0.8295118;
41.87767013745965;12.50524037849473;141338206;0.7747316;
41.877622424831074;12.505248584631033;141343194;0.7669209;
41.877575053827314;12.505249472177828;141354202;0.18584706;
41.8775344203683;12.505222756169427;141413174;0.0029005513;
41.87754118344744;12.505161580831572;141809185;0.5432889;
41.87758671563386;12.505149188285317;141829183;0.013214023;
41.87756622923669;12.50520773070899;141856196;0.57421994;
41.87761189849485;12.505199550671765;141921208;0.3520509;
41.8776702785751;12.505222870212584;141928186;0.8866237;
41.87772439060351;12.50525415215517;141931193;0.7959097;
41.877775210680916;12.505284056128271;141935177;0.87101406;
41.87782108622517;12.50529773229523;141939182;0.87228507;
41.877820304901455;12.505234066989733;141953194;0.7437781;
41.87783860315048;12.50514202568405;142116230;0.039116453;
41.87784582549743;12.505216197253988;142251170;0.34716767;
41.87788452475976;12.505248306665235;142305180;0.014367126;
41.87793049177809;12.505207797637116;142323178;0.65695477;
41.87789921706951;12.505252353352095;142339150;0.19649233;
41.87776820102661;12.50510998088132;142418152;0.09203467;
41.87782422497201;12.505120372128854;142434159;0.40273714;
41.87781565389787;12.505179578559037;142501135;0.089290924;
41.87786716164061;12.505206499168375;142525169;0.014519755;
41.87786396504696;12.505279833665368;142556176;0.43699706;
41.877848811117836;12.505347113901133;142601173;1.0016226;
41.87781349983069;12.505257867363063;142632155;0.7372362;
41.877860448618605;12.505292182409415;142635159;0.6674727;
41.87790800343897;12.505304809856792;142647177;0.6275074;
41.87787782176052;12.505257604672433;142708167;0.2876529;
41.87788516711966;12.505193874131685;142724152;0.044527132;
41.87786469710774;12.505250620210838;142737186;0.22193742;
41.87784772653789;12.505308543258305;142751188;0.29471317;
41.877851820834344;12.50524507729359;142811162;0.40309283;
41.87789534886603;12.505213780594563;142848148;0.39505184;
41.877951224163326;12.505210927530975;142908147;0.63209164;
41.877903875992686;12.505239126055868;142951181;0.3912354;
41.87794723035188;12.505208847894693;143019164;0.05904998;
41.87789277894786;12.505239624403075;143039178;0.004953243;
41.877858160888536;12.505283859644832;143044187;0.35339782;
41.87780994711539;12.505280251525468;143047174;0.70767415;
41.87776854795016;12.505243106129475;143051177;0.88466215;
41.87772123074804;12.505223773040775;143055166;0.8638095;
41.877679954936546;12.505190195000333;143106183;0.5143129;
41.87763560841397;12.505223352280355;143114180;0.58197474;
41.87760820429057;12.505282728855951;143118191;1.0679739;
41.87757766215921;12.505338211755332;143122173;1.0798213;
41.877542589191606;12.505383810814266;143126169;1.0680542;
41.87751241434837;12.505435824289536;143130196;1.0774351;
41.87748075660289;12.505499734033924;143134193;1.0913423;
41.87745197606785;12.505551688098475;143138179;1.0856653;
41.87741681624656;12.505608089510945;143143174;1.0387472;
41.87740023572588;12.50566610085971;143148183;0.9931147;
41.877372676462976;12.505724537403413;143153196;0.68991905;
41.87735651353029;12.5057847692187;143204180;0.60682005;
41.877343799611666;12.505843722264345;143208193;0.67285633;
41.87732033454386;12.50590081979197;143212193;0.75341654;
41.8772987894738;12.505956269408827;143218182;0.4357504;
41.877253863818545;12.505961645965717;143442160;0.022211337;
41.877285589531226;12.506004794689744;143902186;0.00995027;
41.877238481443015;12.506001122131364;143958160;0.26171452;
41.8772431936161;12.505940450504468;144440152;0.002146402;
41.87721599332068;12.505990456233876;144850148;0.201409;
41.87718354234468;12.50603334893023;145007169;0.013034777;
41.87719588728495;12.505970980137214;145348142;0.042149294;
41.87721513422252;12.506027043477658;145545150;0.10541423;
41.87719625696728;12.505971122692632;145751174;0.032695137;
41.87721420802484;12.505911348318376;150050203;1.1066387;
41.87723775616729;12.50585783949411;150053196;1.1430864;
41.877255100548915;12.505795692288686;150057182;1.1360441;
41.87727225420409;12.50573786435575;150101182;1.0909814;
41.87729149011068;12.505682666143857;150110220;0.6371321;
41.87734055653418;12.505688603355177;150141190;0.64905304;
41.87732584211793;12.50575226409848;150146179;0.81092906;
41.87732789208933;12.505814653604196;150155194;1.5095427;
41.877303163193005;12.505886843851028;150159188;1.5490483;
41.87731926067742;12.505943559669165;150203187;1.409019;
41.877339827816456;12.506004988856319;150207181;1.3478793;
41.877372817277525;12.506068024082772;150211198;1.2965953;
41.87740873332087;12.50612785385439;150215185;1.226715;
41.877448836339916;12.50616582997078;150219204;1.0873984;
41.87747278403802;12.506217504682663;150223193;1.0507376;
41.87749607678431;12.506291675768027;150231177;0.8209913;
41.87745677275765;12.506257283333087;150257179;0.21940503;
41.87745276894749;12.506192730789019;150306196;0.4753656;
41.87745548142661;12.506253094367151;150326194;0.312319;
41.877470048747014;12.506313637048939;150434195;0.023793032;
41.87750874781367;12.50627948219641;150515179;0.74483716;
41.87746447633484;12.506291598928629;150541212;0.24852404;
41.877447011581765;12.506228299608031;150546185;1.2301539;
41.8774614215797;12.506167182465976;150550182;1.0204521;
41.87747787694355;12.506106458045666;150554198;1.0281593;
41.87750211345734;12.506042494875297;150600164;0.9756288;
41.87754432704117;12.506063859027265;150634178;0.18361087;
41.87752890345455;12.505988847393537;150649182;0.60319734;
41.877513722867626;12.505926721314065;150658188;0.5052628;
41.877532600617904;12.505981996585906;150708153;0.29785332;
41.87753252842914;12.506047076151276;150939166;0.032594975;
41.87752328691854;12.5061217302445;150946162;0.42059955;
41.87749927657842;12.506180471092474;150956184;0.28459466;
41.8775149281058;12.50624378917386;151020185;0.48724368;
41.87750437446324;12.506305915671295;151043182;0.22730832;
41.877475023751444;12.506258172848352;151117180;0.040067952;
41.87752157359829;12.506281763893716;151323167;0.0016737945;
41.87752611947187;12.506218840947355;151356197;0.009169621;
41.8774914317845;12.506180265973827;151500178;0.12467489;
41.87744610604311;12.506193469242403;151733165;0.28934792;
41.87741567113007;12.50614639415613;151831181;0.08081052;
41.87739053705957;12.506197550345911;152015219;0.18736036;
41.87736818998629;12.506252304168921;152123197;0.13040185;
41.87738866492934;12.50619858636391;152412170;0.013322857;
41.877344352376696;12.506225432444943;152518180;0.02942548;
41.87739379384489;12.506250140898446;152541166;0.06679734;
41.87742301348998;12.506299331518795;152618158;0.1376753;
41.87739815993107;12.506236341161738;152814188;0.0231749;
41.87737805055451;12.506181760303704;152850185;0.06510056;
41.87735009506418;12.506129447152473;152930196;0.2368862;
41.8773696525984;12.506073177958012;152941174;0.034670796;
41.87737019638502;12.50601285202674;152954194;0.5050215;
41.87739304531661;12.506082004617538;153007201;0.68912923;
41.87739305136008;12.506144144346719;153104160;0.028652903;
41.87739206750828;12.506206525552582;153153201;0.0065748463;
41.87740988067307;12.506268430156911;153214181;0.12509485;
41.87744512660352;12.50621939516525;153256188;0.6023453;
41.87745561487884;12.506158895706115;153318179;0.1745567;
41.87744515079082;12.50622730003557;153340174;0.178736;
41.87744947133521;12.50629306005642;153358184;0.15224695;
41.87742332642785;12.506344481155075;153421206;0.3098495;
41.877443681818306;12.506290595763799;153503185;0.010653253;
41.87741419648754;12.506234878034379;153558199;0.4047055;
41.87737751031457;12.506193499539103;153629190;0.03127183;
41.87738866629478;12.506125249959071;153848186;0.3404139;
41.87739940407441;12.506061676095264;153855206;0.06596025;
41.877421050807165;12.506124551606268;153938183;0.3572687;
41.877426658692855;12.50620158678238;153943180;1.0090281;
41.877428157219136;12.506262168401372;154021188;0.018074093;
41.877469300783105;12.506295997213178;154058152;0.014830346;
41.87742402514513;12.506303689645515;154145195;0.02727118;
41.87740174075281;12.506247456408968;154247209;0.22838491;
41.87735750769903;12.506259655010608;154510174;0.026045047;
41.877396001646424;12.506224399234588;154736183;1.103568;
41.87743740619301;12.506249795834814;155010196;0.2867015;
41.87738681886971;12.506196793228687;155202212;0.07900899;
41.877403769314405;12.506253218807604;155254173;0.3378503;
41.877376192858236;12.506302180031597;155405172;0.042364333;
41.87733506232168;12.506261367508813;155545184;0.045117036;
41.8772906939325;12.506245037969094;155614179;0.17628;
41.87724609638991;12.50623070434854;155626195;0.035565246;
41.87729020124897;12.506193113097048;155655138;0.03799166;
41.87733407425927;12.506209174639341;155724133;0.1522971;
41.877310593078384;12.506152638150887;155809202;0.025613928;
41.87733051719857;12.506208179106583;155933163;0.012052533;
41.8772933719165;12.506257830389364;160024188;0.17436716;
41.877246134028304;12.506254553279534;160039185;0.014433469;
41.87720476459384;12.506279826825876;160126205;0.011895523;
41.87725472735626;12.50629843444289;160138128;0.09740536;
41.8772919529192;12.506341824041572;160154197;0.4517889;
41.87733682720027;12.506336946993995;160218171;0.006671072;
41.87737499256818;12.506300651109047;160229180;0.18963578;
41.87741302719093;12.506266450755406;160251185;0.04296209;
41.87743839768452;12.50632245577219;160306198;0.5327186;
41.877392951993905;12.50633806430976;160328179;0.3727516;
41.87734636636336;12.506344633523675;160337186;0.27806646;
41.87733294949709;12.506404065019593;160405183;0.015588026;
41.87736937635918;12.50636783505756;160415141;0.00595882;
41.877388029663436;12.506309544036595;160613192;0.1406219;
41.87740929319877;12.506250852961672;160652175;0.13407719;
41.87746224619085;12.506259438074512;160724131;0.18115805;
41.87744867723342;12.506200268823315;160817186;0.006665598;
41.87740066327254;12.506202913603612;160852178;0.21468812;
41.87740735358779;12.506263282402546;160925175;0.010872152;
41.87744484740154;12.506226015468117;161008200;0.2680899;
41.87744443028257;12.506286755985059;161031179;0.007826773;
41.87741331336692;12.506331661959656;161151185;0.01959003;
41.87739211651949;12.506276786286167;161256182;0.021024883;
41.87739743444121;12.506215694605794;161337186;0.0129982075;
41.87742669553253;12.506167858114486;161404158;0.056809336;
41.87742978547851;12.506230214489817;161712171;0.2075016;
41.87746470098992;12.50617767074467;161841199;0.71761024;
41.87748676656999;12.506232056668358;161946183;0.025521912;
41.87744015298827;12.506241954143082;162031176;0.64423627;
41.87741312345706;12.506291228265061;162034175;0.8655432;
41.87739592479355;12.506352539065247;162039184;0.038279735;
41.877422575586436;12.506299314792745;162052176;0.8057642;
41.87742677893323;12.506235767888034;162109183;0.0317476;
41.87746172980654;12.506274505002393;162153172;0.00405354;
41.87744260458579;12.506219392076872;162647192;0.038801417;
41.877480707527155;12.506184875448017;162847169;0.05289332;
41.87745034390344;12.506138043459377;162955172;0.0034710134;
41.87749976891893;12.506167884069919;163105195;0.34007448;
41.877517281012814;12.506105288409044;163112146;0.81579113;
41.877498546737634;12.506173168277492;163127206;0.4992344;
41.87744866924332;12.50615428594404;163151176;0.37605765;
41.87748943354808;12.506186664995539;163216187;0.522493;
41.87744815885512;12.50622090489697;163330176;0.4618083;
41.87748239282284;12.506260728141243;163338174;0.032783065;
41.87749113804476;12.506190673429233;163406213;0.37282494;
41.87747050682026;12.506249469800979;163516164;0.017724495;
41.87745652563179;12.506185434308309;163555154;0.8967314;
41.87743786772378;12.50612062444723;163558172;1.2808499;
41.87741952621399;12.506043929511408;163601170;1.42083;
41.87741188166153;12.50597531756818;163604195;1.4937407;
41.87740416913732;12.505911485695718;163607172;1.5188558;
41.877397082667116;12.5058443285308;163610178;1.5755452;
41.877387973166385;12.505765147716001;163614190;1.6159245;
41.87738384423284;12.505691809627702;163617174;1.6515703;
41.87737937031849;12.505630322549226;163622164;0.98136777;
41.87740507087074;12.5055742435071;163637177;0.8395107;
41.87742637487405;12.505519092008903;163644171;0.5980374;
41.877446215563246;12.50544931695395;163653171;0.9046235;
41.877473684016856;12.50539800253166;163657180;0.6175971;
41.877502196074666;12.505341654914005;163703178;0.7209286;
41.877519013794206;12.505281431796172;163709187;1.0838996;
41.877541026300506;12.505218753612892;163713182;1.2184135;
41.87757846702973;12.505183887169448;163718169;0.7442096;
41.877619604102925;12.505225343925012;163726145;0.64028645;
41.87766828296808;12.505249258434551;163730130;1.0905924;
41.87771307120222;12.505235493699933;163733161;1.2876585;
41.877738168557606;12.50518544565201;163755175;0.019717162;
41.87778661742664;12.505184916906211;163804164;0.70537364;
41.877832791697806;12.505172957585708;163818160;0.24656782;
41.87783215265122;12.50524467490665;163853159;0.18882485;
41.87779495812904;12.505296246604033;163920159;0.28153896;
41.87779384948604;12.505235195789204;163948154;0.47466895;
41.877840941000585;12.505280762762203;164008175;0.2361541;
41.87788142146505;12.505251298337082;164027159;0.6057421;
41.877901805235716;12.505195496034762;164049170;0.34618294;
41.87790553136508;12.50513524006435;164114186;0.24071662;
41.87786606006231;12.505166642285818;164219163;0.9307095;
41.87781796750107;12.505190929068494;164238161;0.3096553;
41.87782277264192;12.505255638473582;164300177;0.32609499;
41.87783839154288;12.505320286393678;164305177;0.026488679;
41.877825888992206;12.505381552397804;164312248;0.1905616;
41.877808036248965;12.505326190622737;164321177;0.0012876728;
41.87784350702634;12.505276095355882;164509184;0.37251243;
41.877882899666254;12.505231494550767;164517138;0.6436828;
41.87790459977823;12.505178051130072;164522171;0.12210275;
41.87786950563157;12.505217782977619;164629182;0.6978781;
41.87781765551003;12.505230232626571;164632176;0.57457125;
41.87779411109462;12.505299757060401;164636168;0.99967986;
41.87774330177941;12.505291857213615;164642187;0.9885446;
41.87770248758647;12.505260222435622;164646170;1.0406866;
41.877666438668626;12.505210765866464;164651186;1.0021974;
41.8776420012864;12.505154837897775;164655197;0.98977673;
41.877612392484295;12.505108876453495;164658161;0.9900833;
41.87759960716573;12.505049358319226;164705175;0.54763734;
41.87760415902808;12.505111984073574;164746193;0.78016245;
41.87762229489164;12.505168619020655;164752199;0.4727488;
41.87766516961717;12.50519574776157;164756173;0.8938853;
41.87770959986247;12.505219906177697;164759183;1.0327106;
41.87776682754999;12.505235743928125;164802174;0.5801227;
41.8778141640956;12.505228593521212;164807173;0.54262215;
41.877850841502045;12.505191807086122;164827184;0.3690627;
41.877809049866656;12.505162026166444;164901189;0.038486186;
41.87782211667497;12.505241358853134;164923173;0.30030876;
41.87786651485864;12.5052232899205;164958169;0.20757091;
41.877820753089296;12.505228669123461;165015199;0.1936204;
41.87786351502354;12.505196853804913;165042156;0.26344416;
41.87781825412284;12.505181158466604;165237146;0.71179557;
41.87778121795955;12.505225230350792;165249159;0.25120842;
41.87782584223943;12.50521379794399;165338170;0.0074152783;
41.87786297289873;12.505248933664024;165423147;0.21483617;
41.877887939563294;12.505195364948364;165543207;0.014999955;
41.877928406378444;12.505163998997805;165622172;0.043878723;
41.87787616491379;12.505161846402947;165651149;0.056605663;
41.87782455268785;12.505194363418086;165702159;0.39621022;
41.877791806821456;12.505263583644304;165705175;0.23270378;
41.877821819364996;12.505214482149873;165742176;0.19317819;
41.87784550070101;12.505158848630304;165808159;0.59170157;
41.87785109172796;12.50522870557262;165832181;0.26949275;
41.87786490518764;12.505166271853101;165922155;0.056098547;
41.87790193795564;12.505129540679771;165941175;0.49210238;
41.87787447792329;12.505080352684372;165956164;0.38147432;
41.8778739396526;12.505016106639552;170020169;0.29377583;
41.87787911122537;12.50508406188343;170030150;0.18179262;
41.87787919951516;12.505151199983803;170052160;0.007552557;
41.87783449230849;12.505141384010392;170114146;0.75132155;
41.87779954446678;12.505242068356589;170117187;0.81252;
41.87777487807941;12.505298486081827;170121171;0.84292674;
41.87772600531639;12.505273871070232;170127175;0.9322035;
41.87768700015591;12.505237959574979;170132181;0.92935425;
41.877643613159236;12.505217333521276;170142203;0.23303771;
41.877600653404166;12.505198847984737;170223183;0.06462476;
41.87757119731044;12.505145587906394;170233174;0.38172722;
41.87754342408803;12.505092091954944;170239169;0.8519827;
41.87753097830719;12.505032217130207;170243177;0.62235373;
41.87755882757882;12.504984034422915;170248151;0.7973037;
41.87758771676676;12.504936769492776;170253173;0.65192366;
41.87759756740697;12.504868849606266;170300157;0.3634609;
41.877572559557194;12.504803182267588;170307170;0.72751105;
41.877529429522504;12.504773113440141;170312163;0.5526479;
41.87748413721224;12.504752541076686;170315167;0.583845;
41.8774349084127;12.504732170770497;170321164;0.5150394;
41.87738907168681;12.504706120421647;170327173;0.49083242;
41.87735452233071;12.504661505691994;170339165;0.36497012;
41.87730685145073;12.504628136049062;170344161;0.6339075;
41.87726064454029;12.504602125518726;170355172;0.2873156;
41.87721436791435;12.50459961075966;170408141;0.6608084;
41.877178943596014;12.50455523215725;170412154;0.8864064;
41.8771339096496;12.504519975075892;170418175;0.72070533;
41.87710096373998;12.504466499210546;170421179;0.797028;
41.87705411383845;12.504455221966387;170425176;0.54309297;
41.87701951319408;12.504399461939531;170431173;0.92952824;
41.876975372438345;12.504356653276442;170444170;0.9193504;
41.876929570266064;12.504330956131438;170451169;0.70839494;
41.8768922579027;12.504295519290686;170503165;0.24416146;
41.876851956327485;12.504256950400139;170510224;0.816365;
41.87680512061977;12.50422412115927;170515190;0.9609125;
41.87678216830866;12.504160770777304;170520178;0.967544;
41.87680765041522;12.50410526455338;170524191;0.9362105;
41.87682517982915;12.504047270010147;170529169;0.85344076;
41.87684228958416;12.503985336654365;170535168;0.7754972;
41.876874347170464;12.503927054245684;170541181;0.88407767;
41.876914297484525;12.503882877451225;170545182;0.9308664;
41.87696154066127;12.503847138818685;170549197;1.0530319;
41.87698389836932;12.50378183451374;170555173;0.97408724;
41.877003812102714;12.5037271012519;170600185;0.73193914;
41.877019492151284;12.503669202981692;170604191;0.5434443;
41.87704516799044;12.503604251837462;170609176;1.0792574;
41.87706474148449;12.503546930206491;170613177;0.89758587;
41.877086298071674;12.503481269224348;170617156;0.8782075;
41.87709551219061;12.503417144834044;170622200;0.44956118;
41.87710615268191;12.503356218069912;170627206;0.69084305;
41.877101431133966;12.503292270390869;170632173;0.55833954;
41.877064659080695;12.503222364606714;170638184;0.49800557;
41.877032529680946;12.50317517333803;170641169;0.7781366;
41.87701277292481;12.503116133227461;170646182;0.8068913;
41.87702477270456;12.503042254638679;170657181;0.64527845;
41.87702202639028;12.502977006162068;170707161;0.6533606;
41.87704943929424;12.502927537457273;170711217;0.04077772;
41.87709519780765;12.502958252500319;170718181;0.85797113;
41.877145942673344;12.502969266365334;170722152;0.9065999;
41.877200176047886;12.502959079481878;170727167;0.9743088;
41.877247585288316;12.502961147607817;170731185;1.0485823;
41.87733708311274;12.502962412552158;170846173;2.6397293;
41.877483322486434;12.502938088463885;170849155;4.6990213;
41.87764527722657;12.50289881301273;170852176;6.1769867;
41.87783382009995;12.502818818604078;170855180;7.677226;
41.87804417816545;12.502692340321248;170858171;8.745765;
41.87821441261506;12.502532457269572;170901177;7.13972;
41.87833341019419;12.502449326400223;170904182;4.1049643;
41.878431223371265;12.502508465154353;170907181;4.1260686;
41.87854383261439;12.502624235200901;170910182;6.1705155;
41.878708003484626;12.502769487629736;170913189;7.403253;
41.87881311001503;12.502850831129546;170916191;2.217776;
41.878854126664976;12.502889435702317;170921185;0.45775214;
41.87885192894547;12.502957653124673;170925183;3.6831234;
41.878793630398675;12.50310463755146;170928193;6.490409;
41.87868040642517;12.503365530771942;170931157;9.366286;
41.87853657141654;12.503701269238489;170934170;11.175118;
41.87839837652958;12.504059128110992;170937206;11.209534;
41.878279395706265;12.504431320361897;170940185;10.318628;
41.87817509026407;12.504759291557907;170943186;8.848288;
41.87810954786813;12.50500187081647;170946183;6.555466;
41.878025738858256;12.505258596688124;170949176;9.047707;
41.87789026664804;12.50559831296096;170952177;10.958466;
41.87777976963286;12.5059079372724;170955171;7.455578;
41.87767957802948;12.506156214426417;170958180;6.2214475;
41.877591006729844;12.506382230489836;171001173;4.6575065;
41.877560330649956;12.506469682627714;171004175;2.0701401;
41.877511187197875;12.506596073621182;171007195;5.3226533;
41.87741325197567;12.506805461481619;171010175;7.469833;
41.87728543219823;12.507081155539518;171013172;9.157184;
41.877142263745895;12.507384216810005;171016174;9.427953;
41.87701635360916;12.507632825230617;171019192;7.1298547;
41.87691720555757;12.507845856865513;171022189;6.2941895;
41.87685205524034;12.508007873934172;171025179;3.8157885;
41.87686239272233;12.50809941949614;171028141;1.9890834;
41.876915139188895;12.508155437795137;171031181;3.307676;
41.87704289317624;12.50820203823978;171034214;6.01501;
41.87722701093087;12.508240001980916;171037200;6.9953737;
41.877414048371904;12.50828107184286;171040150;6.8029585;
41.87753364099022;12.508302506965043;171043189;1.6766518;
41.877587781333816;12.5083017220613;171101198;2.09362;
41.877716714455936;12.508315921018811;171104206;6.2167397;
41.87792963661658;12.50832754650404;171107159;9.139847;
41.87821292887013;12.508324150215115;171110163;10.892892;
41.87853719790147;12.508310669096394;171113191;12.428509;
41.878873244388465;12.508285637084374;171116217;12.255793;
41.87919013085971;12.50826023753027;171119174;11.279132;
41.8794899351555;12.508234054353835;171122182;11.436892;
41.87981533271295;12.508206980560358;171125188;12.380726;
41.88013529303194;12.5081832353629;171128184;11.385625;
41.88044975908498;12.508161556175073;171131201;11.793096;
41.88073554354482;12.508140361209882;171134190;9.589999;
41.88091077759058;12.508126587683106;171137194;5.8570337;
41.88106553466474;12.508119374251656;171140184;5.6613584;
41.88120932597379;12.508127368220114;171143165;5.141374;
41.881349350612844;12.508138874446425;171146186;5.1383305;
41.8815180680592;12.508165887031172;171149181;6.854209;
41.88173208974947;12.508219237079159;171152203;8.6182785;
41.88198594783044;12.508311619232217;171155181;10.164144;
41.882266118534325;12.508428262414009;171158172;11.142857;
41.88255656700397;12.508556053199035;171201171;11.511374;
41.8828701286277;12.508692906675735;171204198;12.410211;
41.88319458674931;12.508834946055073;171207176;12.552071;
41.88348233835882;12.508956731529869;171210167;10.12664;
41.88369660876175;12.509043505860388;171213175;7.470068;
41.88387308453485;12.509111198326416;171216182;6.1939363;
41.88402437264126;12.50916164208502;171219179;5.671091;
41.88418351727425;12.509212430250166;171222189;5.9246945;
41.88432555857434;12.50926419690291;171225189;5.1782346;
41.884471698066825;12.509322583758395;171228175;6.3728704;
41.884671517424884;12.509411868901505;171231171;8.487677;
41.88490428628337;12.509529897267708;171234147;9.565557;
41.88510490530454;12.509639504198116;171237175;7.576175;
41.885266253693494;12.509783910967498;171240183;7.5201693;
41.88542047535969;12.51002833841682;171243178;9.443004;
41.88553703642979;12.510349709479009;171246172;10.243839;
41.8855929216042;12.510738168248489;171249138;11.27089;
41.88565391946789;12.5111609236978;171252171;12.176286;
41.88572006421294;12.511602721570576;171255175;11.944211;
41.88578766884095;12.512005228603055;171258154;10.964358;
41.885846880908744;12.512367035718896;171301131;9.945039;
41.88590929973462;12.512719592922702;171304173;10.103149;
41.88597146225325;12.513091320413169;171307166;10.632445;
41.88602596778721;12.513438827708802;171310191;9.436304;
41.88606082705104;12.513668327757134;171313160;4.456493;
41.88607442473954;12.513759978612732;171316169;1.9712659;
41.886086551546214;12.513838553180445;171319173;2.5941012;
41.88610383682405;12.513910153687673;171421191;1.9231904;
41.886132183724435;12.5140748330639;171424209;5.9489827;
41.88617165682659;12.514321977590576;171427157;7.4835286;
41.88621279288001;12.5145922104341;171430193;7.7238145;
41.88624857750466;12.51481720095908;171433172;5.318623;
41.886271736806165;12.514964042206259;171436175;3.805774;
41.886295314693655;12.515111285777401;171439178;4.5897617;
41.88634645346167;12.515269324910753;171442189;4.4486685;
41.886434814074484;12.515341249308575;171445196;3.798071;
41.88655918955649;12.515322196572072;171448208;5.3397713;
41.88671552375265;12.51529005424252;171451179;5.8797216;
41.886873037641735;12.51525484482359;171454182;5.6966524;
41.887005095083275;12.51525955513692;171457207;4.6617565;
41.887118256593766;12.515375477591519;171500174;5.4852486;
41.88718491708767;12.51556564281062;171503190;6.7922797;
41.88724145104926;12.515869690569094;171506179;9.826871;
41.887301284969546;12.516227247900462;171509169;9.603324;
41.887365656229974;12.5165772921177;171512171;10.071846;
41.88742464029206;12.51690509058267;171515182;8.434487;
41.88745631374756;12.517110674008082;171518197;4.265123;
41.88746710728971;12.51717909626723;171521167;0.86675036;
41.88747846461913;12.517247147340733;171539172;1.8183892;
41.887504072972945;12.517393014299493;171542182;5.1607738;
41.88755509702102;12.517614614923332;171545181;6.9369698;
41.88767044494613;12.517874841694926;171548177;8.862387;
41.88785647891925;12.518099579676134;171551182;9.269409;
41.88808973202139;12.518305982640221;171554189;10.935535;
41.88833547807246;12.518529949873578;171557183;10.336714;
41.888532378955134;12.518708619434921;171600186;7.856903;
41.888695050748794;12.518854961771677;171603187;7.4787493;
41.8888913067072;12.519027602197893;171606183;9.225468;
41.88912315405766;12.51923828919664;171609177;10.998614;
41.88939161031851;12.519483368542293;171612178;12.371527;
41.889669049675014;12.5197355228366;171615181;12.311645;
41.88994984700104;12.519989542888082;171618179;12.5339;
41.89023927547051;12.520245750949845;171621182;12.934594;
41.89053267181132;12.520452906807002;171624196;11.891954;
41.890844362709366;12.520623773786365;171627143;12.8663845;
41.8911557317673;12.520712064683668;171630142;12.043588;
41.89150181419102;12.520633555529686;171633188;13.88346;
41.89186886430127;12.520521304962879;171636171;13.936519;
41.892256984702996;12.520384984759646;171639188;15.528695;
41.892618623144415;12.520147994406756;171642198;14.055263;
41.89291731804261;12.51985232752161;171645205;13.234162;
41.89318451829516;12.519481496012572;171648197;13.996856;
41.89339959157083;12.51903172406951;171651179;13.75852;
41.8935802396226;12.518586412661227;171654187;13.680553;
41.8937628454764;12.518151506334679;171657182;13.707743;
41.89403494592983;12.517774837130592;171700195;14.623486;
41.8944155096945;12.517544248185315;171703174;16.29682;
41.89483229832476;12.51760265680801;171706183;15.199559;
41.89519455127293;12.517864877062049;171709178;15.486695;
41.89555764475801;12.518182689413354;171712201;16.395336;
41.895943911033285;12.518520896657149;171715194;17.08502;
41.89632889131229;12.518855538441688;171718180;17.203571;
41.89667541814867;12.519291116711878;171721191;17.861664;
41.89692202085263;12.51986090595266;171724144;18.300978;
41.89704347465789;12.520526651399216;171727192;19.261974;
41.89709192555047;12.521245451615318;171730169;20.158485;
41.8971344414506;12.521961152935386;171733189;19.577568;
41.89720069495482;12.522695706784615;171736190;21.09295;
41.89732918260543;12.523460328788461;171739179;21.56033;
41.89746742659102;12.524235370714088;171742180;22.16152;
41.89765390732888;12.524990078681144;171745179;21.758759;
41.89791277996894;12.525702353434022;171748201;21.915888;
41.89823672570382;12.526391977275658;171751175;22.741226;
41.898630350561184;12.527060918849996;171754190;23.942396;
41.89905663849854;12.527705779878564;171757181;23.437561;
41.89948456453187;12.528305810910409;171800190;22.51073;
41.899890987087936;12.528863386753214;171803188;20.607166;
41.90024415553406;12.529417986564088;171806197;19.79738;
41.90058959633131;12.52990595951009;171809189;18.06637;
41.90088000503577;12.53031125996181;171812167;13.283484;
41.901010121998105;12.530697993978146;171815179;12.067135;
41.901072947648075;12.53115646948895;171818169;13.41239;
41.901112082483515;12.531649237616858;171821168;13.866503;
41.90110524625202;12.532178941390395;171824163;15.105159;
41.90101505346145;12.532741571356802;171827169;16.299383;
41.90088546978058;12.533287380502998;171830183;15.192358;
41.89908751575769;12.539230249771595;171902191;16.847313;
41.89918926829426;12.539781774293244;171905187;17.17017;
41.89931696824043;12.5403561411836;171908179;15.22495;
41.89944856488627;12.540874460524762;171911195;14.55381;
41.899554460480864;12.541338997007882;171914190;12.754906;
41.89963476892047;12.54176730080971;171917183;12.711102;
41.89970295814335;12.54222873493514;171920195;13.917918;
41.899752574936166;12.54275457200372;171923201;15.481733;
41.89978592649102;12.543355333245836;171926179;17.440212;
41.899824356172545;12.54401687430451;171929157;18.320778;
41.89987003715517;12.5446807204183;171932167;18.379555;
41.89995462882332;12.545357207759304;171935188;19.975992;
41.90009225516067;12.54610789021547;171938210;22.341883;
41.90027943324412;12.546916606059293;171941193;24.692215;
41.900518392295986;12.547774136541248;171944191;26.250364;
41.90079284404223;12.548652785594893;171947176;26.223259;
41.901085220190566;12.549529004888162;171950201;27.113604;
41.9013861436365;12.550438377023472;171953184;27.292225;
41.901679557246574;12.551370454847635;171956206;27.9787;
41.90194096063362;12.55234588330497;171959185;28.889261;
41.90217572910411;12.553364043229864;172002191;29.682362;
41.90237796855376;12.554416645691731;172005196;30.255888;
41.90256591872214;12.555483320782164;172008187;29.889036;
41.902738199613566;12.556517391415051;172011195;29.319729;
41.902928982991035;12.557563312871888;172014180;30.018148;
41.903123610271074;12.558632500041291;172017181;30.535135;
41.90333579750276;12.55971663968144;172020186;31.157642;
41.903567890731594;12.560808550113052;172023214;31.149559;
41.90381994806925;12.56189743811804;172026183;31.737486;
41.904098574519644;12.563001400712562;172029186;32.399128;
41.904398610954544;12.564114187809485;172032191;32.96349;
41.90472476528027;12.565228884896642;172035187;33.42516;
41.90507411543818;12.566327877603683;172038205;32.60042;
41.90542788302977;12.56736294737969;172041181;30.891533;
41.90578951448405;12.568375069433495;172044200;31.164057;
41.906172623305565;12.569379911707236;172047190;30.869734;
41.906558879550964;12.570330619220671;172050130;29.945059;
41.90694966144419;12.571269868318621;172053131;29.460245;
41.90732619367225;12.572171067850894;172056165;28.117374;
41.907702381635715;12.573073157576552;172059187;28.806639;
41.908079722397936;12.574013548424828;172102179;29.784735;
41.90846075085164;12.575001399460023;172105210;31.237593;
41.908821429634216;12.576039983777987;172108201;31.407627;
41.90912258149975;12.5770917601043;172111192;31.144796;
41.90938876085652;12.578128987221012;172114176;30.168732;
41.90964703166491;12.579162447067478;172117188;29.822989;
41.909871005044145;12.580110577731396;172120195;27.269203;
41.910066804420815;12.5809798478339;172123137;24.10692;
41.91023910194043;12.581787991700498;172126181;23.838686;
41.91041164039404;12.582595959539931;172129164;22.220451;
41.91056871869376;12.583359937128392;172132167;22.695572;
41.91074188051726;12.58417588456596;172135184;22.915697;
41.91090101455529;12.584910274802734;172138122;20.386068;
41.91104604697985;12.585586923077054;172141157;18.993467;
41.911183708281705;12.586241926622268;172144195;18.792107;
41.91132075432579;12.586899234450092;172147856;19.22272;
41.91146247504814;12.587596508414956;172150896;20.301344;
41.91160353844078;12.58831214301415;172153904;20.665358;
41.91175194109706;12.589007512402398;172156856;19.894081;
41.911896299079736;12.589709566580732;172159884;20.314142;
41.912037347563896;12.590422546251377;172202899;20.476297;
41.91218567373227;12.591150479593988;172205876;21.182032;
41.91233779547431;12.591903051645156;172208860;21.83179;
41.91250835160653;12.592652511920896;172211877;21.477285;
41.91269474529205;12.593392242103274;172214884;21.729275;
41.912888964887514;12.594137373654346;172217869;21.876104;
41.91309267201851;12.59488505942325;172220878;21.910301;
41.913299093792176;12.59562858259181;172223878;22.106176;
41.9135189022838;12.596376326210013;172226874;22.088287;
41.91374829875775;12.597141184376422;172229841;22.955612;
41.91398792537367;12.597929757394855;172232834;23.53676;
41.914238389874555;12.59872664092588;172235845;24.215414;
41.91448764046105;12.599542817903014;172238886;24.003633;
41.91469424151778;12.600333905191485;172241885;22.650305;
41.91487275312196;12.601104491256411;172244880;22.32294;
41.91503556089767;12.601885496731681;172247877;22.23874;
41.915217532545725;12.602620589637578;172250854;20.718212;
41.915468941132445;12.603272757169004;172253869;19.726526;
41.915778708038374;12.60383505304007;172256876;19.37595;
41.91612770993214;12.604344953725228;172259864;18.853107;
41.916453182904235;12.604831222293637;172302877;17.722025;
41.91674364480545;12.605302471713754;172305859;16.56927;
41.917006550760334;12.605763911462972;172308829;16.07745;
41.91727609307212;12.606259745066463;172311927;17.400139;
41.91756119299972;12.606787747507884;172314895;18.73081;
41.917865436022915;12.607325699384022;172317864;18.320728;
41.91813341163331;12.607811817078906;172320869;15.750629;
41.91838376974401;12.60824073518859;172323878;14.535123;
41.9186148915731;12.608629540711009;172326881;13.413849;
41.918836590719664;12.609001872867209;172329884;13.180471;
41.91903927796509;12.609381457473328;172332863;13.145652;
41.91915354782557;12.609839545643837;172335886;13.090717;
41.91915061673561;12.610302938566482;172338892;12.977981;
41.91911100710756;12.6108002423761;172341890;14.348103;
41.91905383478885;12.611345945841268;172344896;15.46356;
41.91895290308836;12.611833939472985;172347877;13.573738;
41.91876888493956;12.612239923596482;172350923;12.913794;
41.9185318743748;12.612578255533386;172353857;12.929982;
41.91825059720965;12.612846577482028;172356845;13.061335;
41.91794195037594;12.613108760793324;172359851;13.730004;
41.91762261411289;12.613389872174603;172402853;14.3152075;
41.917283900842804;12.613683986064549;172405898;15.204961;
41.91693395917171;12.613968478778228;172408857;15.124943;
41.916574076816254;12.614269628389353;172411858;16.078074;
41.9162190673955;12.61455752680932;172414868;15.099653;
41.91584692350753;12.614861153779994;172417865;16.532373;
41.915422287411886;12.615122497007512;172420873;17.461966;
41.91496407721282;12.615337198317263;172423877;18.238684;
41.91447438082149;12.61550031611531;172426862;18.94223;
41.913973628781086;12.615584041963256;172429873;18.18384;
41.91348828142774;12.615601539919252;172432883;18.168915;
41.91299181694207;12.615590506858906;172435858;18.533802;
41.91247907426293;12.615575614108293;172438855;19.007067;
41.91195400403787;12.615557357761514;172441880;19.569326;
41.91142446055771;12.615540444680427;172444879;19.197203;
41.91089639644744;12.615518076967588;172447874;19.144423;
41.91038233621804;12.615481444236497;172450880;18.868002;
41.909890255882786;12.615452155933951;172453893;17.963602;
41.909488487065175;12.615440918885009;172456875;10.831019;
41.90926787990945;12.615387202607497;172459878;8.187905;
41.90917168031617;12.61509771379466;172502855;8.48374;
41.90928854983637;12.614798429814211;172505872;9.457549;
41.90955428922538;12.614748249671404;172508882;9.875526;
41.90976447129256;12.61497947091747;172511880;10.64283;
41.90985760799162;12.615422336564444;172514892;13.361002;
41.909947211237125;12.615920978826647;172517874;14.338295;
41.91001824746002;12.616376458873928;172520884;10.136993;
41.90997109477889;12.616657932537763;172523848;6.212007;
41.909798783299756;12.616744850264732;172526905;6.561734;
41.909579764688736;12.616754722409166;172529857;9.121377;
41.90931003956372;12.61677072332127;172532853;10.136784;
41.90903668557269;12.616770892299964;172535850;9.544149;
41.90882935449503;12.616881933213934;172538866;7.8754416;
41.90875423313809;12.617111311302338;172541873;6.615962;
41.90876868353448;12.617371037349534;172544915;7.74566;
41.90881138765401;12.617660452367561;172547863;8.242041;
41.908836758799964;12.617919116530528;172550856;6.684908;
41.908959654911754;12.618088499513568;172553892;7.4776096;
41.90919358634704;12.618108807148971;172556904;10.0337515;
41.909523627119185;12.61810865213356;172559892;13.088186;
41.90987288985907;12.618136844883736;172602895;12.497033;
41.91019061702209;12.61815300228082;172605883;11.685552;
41.910509440864445;12.61815486503243;172608891;11.447284;
41.91079863857399;12.618147097879271;172611887;10.734209;
41.91110242278576;12.618174123242868;172614913;11.307102;
41.91139472448285;12.618191686906712;172617916;10.227986;
41.91166777464014;12.618136104023547;172620899;10.00876;
41.91188252120494;12.618051774442774;172623861;6.8927264;
41.91199997142419;12.61801681541749;172626906;3.595296;
41.91209350776012;12.618049158236255;172629906;4.384057;
41.91214862155888;12.618266118234764;172632906;7.7679706;
41.91214267136713;12.618633549184684;172635887;11.504758;
41.912171078775295;12.619077740368866;172638889;12.713275;
41.91226284399481;12.619564671081294;172641908;14.180826;
41.912363162223855;12.620060863965207;172644900;14.4601755;
41.912468355722766;12.620532897374643;172647921;13.31371;
41.912548531575204;12.620973074828477;172650908;11.892195;
41.91260951022926;12.621369637230496;172653883;11.063369;
41.91275941695113;12.621698017391159;172656901;10.67241;
41.91286900538187;12.622061267496328;172659896;11.072157;
41.91294400850885;12.622422128807816;172702892;10.429133;
41.9130231858194;12.622825720215891;172705917;11.909931;
41.91311246373526;12.623271561832164;172708850;13.11226;
41.91320284608723;12.623755252961788;172711904;13.916907;
41.913293942725275;12.62425135459268;172714891;14.428132;
41.913395869341926;12.624783866620016;172717879;15.485798;
41.9134903852637;12.6253505812662;172720904;16.056505;
41.91357848686776;12.625897696561761;172723905;15.316571;
41.91368649309464;12.62646678486802;172726905;16.642431;
41.913808447249295;12.627051265040768;172729901;16.761856;
41.91395445533632;12.62763280969539;172732891;17.180107;
41.91409241009758;12.628240449693227;172735898;17.563877;
41.914228619924586;12.628849323692434;172738883;17.54787;
41.9143500010045;12.629462801766126;172741910;17.495579;
41.91444337309717;12.630076159788823;172744858;17.247606;
41.91453460367369;12.630679804722893;172747887;16.539742;
41.914617704741566;12.631256436124033;172750894;16.286417;
41.91468998796723;12.631850791554804;172753886;16.671066;
41.91473709280777;12.632425536913676;172756880;15.609833;
41.914800790479774;12.632941567469683;172759859;12.320288;
41.91486477165747;12.63330777435257;172802882;8.087917;
41.91489043224083;12.633421005437887;172805892;0.0;
41.914922138835884;12.633492819990089;172809874;0.0;
41.914950157791274;12.63360053985012;172812890;3.269264;
41.914952953411756;12.633746254337343;172815889;4.5021076;
41.91482836781831;12.633800762544793;172818915;7.5671906;
41.91446973299367;12.63374803675931;172822894;12.664746;
41.914136282685405;12.633763956504598;172825903;11.666937;
41.913818738109974;12.633948576309574;172828910;12.143725;
41.91351928246231;12.634157454527747;172831902;12.825786;
41.91320079120752;12.634370652016038;172834896;12.925943;
41.91291495102745;12.634636703056884;172837859;12.439065;
41.91275827234814;12.635028107273644;172840902;12.009416;
41.91267883624391;12.635455632966814;172843885;12.550434;
41.912603336012474;12.63593270465294;172846906;13.886966;
41.91253654499936;12.636437182203649;172849882;14.453717;
41.91246690292718;12.636925602822863;172852885;12.845499;
41.91235354032233;12.637373219012161;172855907;13.397859;
41.91219793601254;12.637802125216417;172858899;12.775714;
41.912015423886885;12.638211045426624;172901897;12.844042;
41.91184684550285;12.63857959264688;172904896;11.428015;
41.911691347118285;12.638914415362548;172907899;10.54422;
41.91155089821092;12.63923283573672;172910901;9.85253;
41.91143718893382;12.63950840031628;172913890;7.4577384;
41.91138676452824;12.639593110758506;172916903;0.0;
41.91131407533669;12.639626309606902;172925900;2.571206;
41.91118192186855;12.63967852212013;172928896;5.9025636;
41.911052135390754;12.639825016436491;172931904;6.8996844;
41.91115369715515;12.640060105612518;172934902;8.261544;
41.9113368663086;12.640300354864493;172937885;9.359114;
41.9114796149566;12.640653639908278;172940908;11.68094;
41.911580287514035;12.64109898903845;172943897;12.871411;
41.9116214165024;12.641590440996442;172946897;14.102624;
41.911614499767815;12.642112689457342;172949861;14.729127;
41.911566928509096;12.64266067129484;172952903;15.387203;
41.91150903636689;12.643232568369097;172955884;16.214582;
41.91146263953995;12.643836518710394;172958880;17.111744;
41.91144164547351;12.644438696187079;173001883;16.49692;
41.911423471152645;12.645022837570004;173004890;15.787295;
41.9114234400067;12.645602147496373;173007854;16.248377;
41.91144462716815;12.646181234520002;173010885;15.890661;
41.91147809214632;12.646737505100873;173013902;15.215406;
41.911568439931315;12.64726952230778;173016868;15.158271;
41.91173120818349;12.647762267664103;173019900;14.6635475;
41.911958537541665;12.648190507886987;173022888;14.422098;
41.9121929114271;12.648599907170592;173025900;13.800734;
41.91234529227156;12.648908217399656;173028873;8.088961;
41.912299658380746;12.64912750879373;173031919;6.6733646;
41.9121988142285;12.649336204479647;173034909;6.5867443;
41.912215666478325;12.649549612809736;173037885;5.9703045;
41.91236591823031;12.64966143342062;173040904;6.0125446;
41.91252378662945;12.649556990037983;173043897;6.7108145;
41.912698602365616;12.649449280115608;173046889;7.251614;
41.91289815299125;12.649512611091177;173049880;8.852541;
41.913129099093425;12.64966174697413;173052903;9.546666;
41.913363833078336;12.649832923851232;173055893;11.347893;
41.91367222979099;12.650014818743873;173058887;12.677168;
41.91399276909472;12.650158561918222;173101853;10.972621;
41.91426382770373;12.650268387456974;173104911;9.967927;
41.91443601704547;12.650479490083999;173107868;8.05166;
41.914465708725686;12.650773040481008;173110892;8.22945;
41.9145996405674;12.65098146274784;173113901;7.884431;
41.91478748390301;12.650959324114096;173116888;6.976227;
41.91493597958546;12.65077808379724;173119893;6.3269076;
41.91512358154549;12.650792128458386;173122895;7.7675304;
41.91531707567692;12.651020207295314;173125897;10.624907;
41.91556183361695;12.651300423720144;173128890;12.712468;
41.91586435768588;12.65159174431932;173131883;14.650413;
41.916220581267616;12.65186922640105;173134893;15.1939945;
41.91654681316116;12.652068129091019;173137899;12.132987;
41.91684360219962;12.652197550676888;173140871;11.40304;
41.91710645747662;12.652278537849895;173143890;8.714957;
41.91733062816243;12.652331679814939;173146899;8.751378;
41.917582990807816;12.6523920507211;173149891;9.618105;
41.91782069345067;12.652455930570646;173152872;7.920413;
41.91803761488663;12.652519200202619;173155883;8.339046;
41.91826000064778;12.652617997246912;173158877;8.555286;
41.918476274279065;12.65274960676296;173201882;8.968056;
41.918833725542044;12.652982517390122;173206876;7.855125;
41.918942178362684;12.6531624047418;173209874;9.211627;
41.919081414394654;12.653511856988683;173212875;11.4818735;
41.91922600647567;12.653912812997138;173215879;12.250334;
41.919313818337905;12.654336650377184;173218870;12.108496;
41.919378638290304;12.654805992394861;173221909;13.118382;
41.91943221657576;12.65527752106851;173224850;12.081123;
41.919462424881644;12.655790498101009;173227887;16.48656;
41.91952300605684;12.65639857656362;173230886;16.542297;
41.91963772239505;12.656993041099708;173233875;15.377991;
41.91974571390538;12.65748040733525;173236877;12.351465;
41.919843273259126;12.657868623378944;173239896;10.82469;
41.91994920112822;12.658215251857092;173242879;10.10391;
41.92007037499534;12.658579702530245;173245873;10.861328;
41.92018329261757;12.658931177750814;173248894;10.133422;
41.92028725934764;12.659262638519795;173251898;10.008436;
41.92039059836974;12.659596145562693;173254900;9.730042;
41.92048433506472;12.659906251086717;173257888;8.931027;
41.92057791852565;12.660246163766697;173300874;9.175547;
41.92065907346443;12.660539938519472;173303888;8.132611;
41.920730961233666;12.660800563992975;173306886;7.5171022;
41.92080283377079;12.66105953888251;173309874;8.172547;
41.92089740822125;12.661371957691701;173312862;10.32959;
41.9210076765842;12.661705945737724;173315876;9.696798;
41.92112552814114;12.662026453649794;173318880;9.943294;
41.92124632911354;12.662347645549637;173321880;9.307935;
41.92137644938835;12.662663054545352;173324876;10.149111;
41.92149718042748;12.662987623616528;173327862;9.213452;
41.921607337279944;12.663319373298142;173330883;10.476019;
41.92171121188736;12.663655154381434;173333897;9.702245;
41.92176341999393;12.66399695276814;173336882;9.484542;
41.92178866579295;12.664344551239957;173339885;9.440042;
41.92179942378823;12.664711139685956;173342872;10.489934;
41.92188280020888;12.665096340322895;173345879;11.080063;
41.92202879665528;12.665420727819077;173348877;10.104525;
41.92219083096218;12.665677268339639;173351873;8.842355;
41.92231087598941;12.665944649078773;173354890;8.093439;
41.92232563394089;12.666235002972034;173357905;7.91557;
41.9222896806544;12.666522550094037;173400875;7.197543;
41.9222519179545;12.666757228889248;173403884;5.8988504;
41.92224368767086;12.666924244391577;173406869;3.9742112;
41.92219253570286;12.667092130149786;173409886;5.8959045;
41.9221132145229;12.667301000239872;173412888;6.73701;
41.92218226022318;12.667549491930703;173415889;6.584906;
41.92234897063595;12.667611134347103;173418847;6.4059677;
41.92252947943407;12.667548222706618;173421887;6.951187;
41.922752440205315;12.667610785740985;173424910;8.93364;
41.922990250199696;12.667730424917774;173427875;9.124825;
41.923228987235056;12.667855501123915;173430869;9.122626;
41.923429531277165;12.667955045641298;173433902;6.6945095;
41.92358885898875;12.668029905721955;173436887;6.689743;
41.92375214095812;12.668126604405566;173439894;6.086293;
41.92385685520595;12.668245453226433;173442897;4.8686905;
41.92391491110635;12.668396483771375;173445879;4.2172995;
41.92391442831709;12.668472748841625;173448895;0.91741073;
41.92390722183113;12.668556214848937;173458885;2.5759444;
41.92386588571465;12.668664620576141;173501885;4.6327295;
41.92377133171356;12.66884421944854;173504855;6.118972;
41.923672606242064;12.669017860547903;173507890;5.891199;
41.923578639609005;12.669195325305573;173510879;6.2690067;
41.92348213607815;12.669368702346077;173513885;5.3022447;
41.92338649774785;12.669515571630903;173516890;5.2597213;
41.92328130774072;12.669704048027198;173519904;7.0362873;
41.92317157602157;12.669908285218488;173522886;6.735333;
41.92305315611678;12.670079959970241;173525875;7.121734;
41.92294989201854;12.670207555345911;173528885;4.885783;
41.922881933074656;12.67038091555449;173531877;6.756974;
41.92288398379038;12.670674153781071;173534893;6.3522186;
41.922892038502894;12.670959407358296;173537887;6.794186;
41.922908191629965;12.671239644943865;173540882;6.567437;
41.92291443651727;12.67150570367144;173543887;6.654903;
41.922879343497115;12.671739573751463;173546894;7.2048507;
41.9228481650298;12.671995268975005;173549888;8.373755;
41.92270096618356;12.67214478282788;173552870;8.212913;
41.92272005654081;12.672323734707243;173555877;4.9441032;
41.92273395777311;12.672518637283222;173558880;6.734627;
41.922588379522395;12.673521553030962;173607879;7.991628;
41.922388847975796;12.673607064175936;173610884;9.021687;
41.92216646534782;12.673724893893384;173613891;9.935727;
41.9220634222722;12.673936059753125;173616880;12.431928;
41.921865768860584;12.674220219013842;173619895;11.819991;
41.921724268713135;12.67456383304383;173622889;10.976745;
41.92167973884438;12.675050948631892;173625881;13.571844;
41.921721155533135;12.675596625932037;173628883;13.814613;
41.92184693526093;12.676109578496938;173631880;12.95936;
41.92201038200009;12.676483164647443;173634904;10.633346;
41.92209463052538;12.676735175976836;173637866;6.822825;
41.92196906133971;12.676956949984854;173640890;8.6128025;
41.92173022511452;12.677119779052896;173643896;12.390994;
41.921462259682166;12.677311998827967;173646870;10.517454;
41.92122644528715;12.677459199625993;173649915;8.656396;
41.92105368837809;12.677644833249103;173652893;8.669968;
41.92087232271434;12.677925479178038;173655894;11.143152;
41.920665737176414;12.678233683009495;173658882;11.367355;
41.92044133435404;12.678546321044484;173701881;12.285754;
41.92024679651118;12.678948511816381;173704882;13.647266;
41.920050518409774;12.679402253111109;173707878;14.88732;
41.91984216544618;12.67986048938503;173710891;14.531197;
41.919670703774635;12.6803199620641;173713886;14.192735;
41.919595359550485;12.680819000217756;173716901;13.688501;
41.91953267611767;12.681285564473068;173719891;12.561816;
41.91934650393291;12.681606881990728;173722881;11.640613;
41.9190220049781;12.681745439357028;173725890;13.151691;
41.918653986967165;12.681856810759454;173728898;14.336307;
41.91826650462144;12.681924221681024;173731916;14.157431;
41.917928916124026;12.68195377929934;173734888;10.229623;
41.917737529778464;12.682082571135847;173737894;7.623767;
41.91768552145206;12.682415703291587;173740883;10.3235445;
41.91764690871626;12.682806213884847;173743887;10.809704;
41.91760865676433;12.683179917680887;173746907;10.354852;
41.917559430714114;12.68352267586008;173749894;8.907054;
41.9174991344386;12.683700313081934;173752897;3.903572;
41.91746292904928;12.683768186294227;173759894;0.9084755;
41.91738400748398;12.683853919583145;173802885;5.2137284;
41.91722462140934;12.683974040414004;173805887;7.519866;
41.91699553201206;12.6841266234359;173808898;9.905296;
41.91676698191285;12.6842720253881;173811893;8.755422;
41.9165765177995;12.684399715766704;173814900;7.5161858;
41.91636405404693;12.684521525706442;173817898;9.203663;
41.91613205094968;12.684664432539037;173820886;9.556119;
41.9158669186069;12.684837461088758;173823885;11.534731;
41.915565683087806;12.685031569033494;173826863;12.769704;
41.9152416032357;12.685242272184404;173829884;13.523828;
41.91490285582186;12.68546032392038;173832894;14.190151;
41.91454356038994;12.68568659600501;173835831;14.976458;
41.91419206840295;12.685907083341645;173838817;13.958198;
41.91386330742405;12.686110520574228;173841800;13.292035;
41.91353432338788;12.686304904128344;173844841;13.169286;
41.91321679912223;12.686506521507853;173847854;12.576212;
41.91292540500446;12.686689778691067;173850829;11.2918;
41.91268836159576;12.686833503852556;173853835;8.887153;
41.91254697786921;12.686912601512635;173856839;3.6819353;
41.912496610022096;12.686956116019022;173906834;1.3493862;
41.91249192942263;12.687066497964043;173909845;4.1039896;
41.91256770242744;12.687258809389904;173912848;7.3106976;
41.91270190827209;12.687567782014249;173915833;10.509771;
41.91285925911395;12.687917085123685;173918831;11.346767;
41.91302419027184;12.688274594212288;173921836;11.749443;
41.913189326863595;12.688666552722147;173924833;12.717753;
41.91334001859024;12.689036134383892;173927815;10.793904;
41.91346508318247;12.689321772417534;173930840;7.3417954;
41.91352787105526;12.689458174346447;173933838;2.7699845;
41.91357554444244;12.689516897551554;173942827;2.459716;
41.913629164828215;12.68950491014285;173945835;1.5065598;
41.913670553399335;12.689468932498862;174004827;1.7583599;
41.91371309308653;12.689431932160414;174007803;1.7332921;
41.91375747090825;12.689384846416718;174011847;2.1441948;
41.91376109772966;12.68931103861473;174024837;2.3595202;
41.913733051587016;12.689218018606159;174027833;2.4502733;
41.91369292176468;12.689248086652285;174151805;0.0;
41.91379917763525;12.689397203793314;174432859;0.0;
41.91369561885267;12.689174411410333;183456125;0.012082028;
41.91365084122121;12.68915297941129;183505079;0.5399574;
41.9136718866719;12.689210083836418;183515075;0.3277175;
41.91371412056889;12.689185294817525;183537068;0.3073445;
41.91394303132061;12.68973352162727;184315098;0.0094670765;
41.9139339793245;12.68964265209937;184332071;1.6719628E-4;
