41.91356099032079;12.689436912716785;095617513;0.8478521;
41.91362933024769;12.689304980279747;095924417;0.0;
41.91172869367926;12.691602059321799;100348432;0.0252251;
41.91177833344649;12.691641883306207;100358391;0.014508376;
41.911819719402935;12.691689673811787;100403445;0.09821979;
41.911873020360225;12.691765717718091;100406400;0.25235572;
41.91191824284932;12.691834081743833;100409456;0.15725812;
41.911949953946504;12.691886529055745;100414427;0.18391714;
41.9135319631391;12.689323635643195;101823407;0.0;
41.913805415071586;12.689101131325423;103150405;0.7849759;
41.9135919775881;12.689372620719077;104617436;0.18468116;
41.913654482707614;12.689436800596884;104847430;0.21871431;
41.91365985385172;12.689369567173248;104901456;0.03198852;
41.91366862443656;12.689303404435588;104928476;0.32854328;
41.91370379692635;12.68925118765339;104947430;0.028835956;
41.91368572311024;12.689189285008588;104957421;0.32400608;
41.91364010503177;12.689201831002924;105008425;0.06044656;
41.91359257589781;12.689189211584377;105029424;0.63836426;
41.91357592483294;12.689249038129963;105105448;0.050041765;
41.91359666058863;12.689303364646587;105301442;0.2132427;
41.91358987007046;12.689364230566774;105331465;0.16091529;
41.91364082770014;12.689338215962069;105404437;0.26755685;
41.913652498730606;12.689279183869209;105435500;0.07423729;
41.913599168478086;12.689320384279808;105549427;0.39451882;
41.913596657759854;12.689257427076608;105604446;0.0033179952;
41.91363895222798;12.689231646561478;105721453;0.16256064;
41.913677920017435;12.689192238752401;105829430;0.5328365;
41.91369753281685;12.689132464699789;105843424;0.59583825;
41.91371295006906;12.689190366795161;105907446;0.023764808;
41.91369713032019;12.689131817454859;105933436;0.14416227;
41.91364946112801;12.689111787402208;105941421;0.37373474;
41.913631059378204;12.689167444453314;110014425;0.0034686422;
41.91361395337886;12.689223213073337;110027450;0.06311378;
41.91360475353227;12.689283490886444;110137442;0.2206802;
41.91364279883478;12.689247527458624;110319441;0.3093;
41.91356348024334;12.689365850812427;112710435;0.3582862;
41.91349569088597;12.689712800647436;112742449;0.10246469;
41.91352633319523;12.689400304904842;112812345;0.002815917;
41.91357595651236;12.689359234385453;113429409;0.020013947;
41.913727460605706;12.689336773864214;124134128;0.3141654;
41.91369569266014;12.689289875439282;124143114;0.0373813;
41.913627698640624;12.68921029076164;124236126;0.33645308;
41.913672970060354;12.68921258194583;124248132;0.023615526;
41.91372083483632;12.689239312853227;124253129;0.028434131;
41.91369920140319;12.689286427745607;125201184;0.0071663833;
41.91373715551489;12.6892477307716;125216220;0.49377668;
41.913775860419484;12.68929176858562;125314226;1.5351136;
41.91378983219865;12.689360636453772;125318217;1.2515106;
41.91373674369341;12.689405645425605;125342219;2.0316012;
41.91366026653533;12.689480135288676;125345230;3.1371684;
41.91362124491665;12.689511879806684;125349225;2.6783361;
41.9135794820197;12.68947705595985;125353233;2.1805942;
41.91351088652071;12.689318632012602;125356223;2.738974;
41.91341516732845;12.689088747610983;125359223;8.462564;
41.91327715024402;12.68876748265838;125402256;10.924511;
41.91312811723196;12.68842502217662;125405228;11.094038;
41.912974349520695;12.688077900376056;125408252;11.114895;
41.912810893569315;12.68773831633668;125411232;11.295283;
41.91266477298324;12.68739483178706;125414222;10.519237;
41.91256827977463;12.687156287470373;125417224;5.379343;
41.912540651646445;12.68708077473339;125420204;1.2963394;
41.91250677526723;12.687034329409867;125428214;3.0231428;
41.91236388223799;12.687071107967215;125431186;7.138192;
41.91216749219685;12.687197242165466;125434232;9.48621;
41.91191852320492;12.687358203881274;125437180;10.210165;
41.91165503817307;12.687529425506433;125440192;11.238791;
41.911365290473775;12.687711857872008;125443164;12.108627;
41.911054111249456;12.687918402743971;125446211;13.240991;
41.91071755085211;12.688144946039902;125449178;14.2380495;
41.91036865828516;12.688372785242937;125452194;14.002546;
41.91002879834277;12.688590033760681;125455262;13.932621;
41.90971501177045;12.688802501916925;125458230;11.962783;
41.909451535744424;12.689017008999246;125501234;11.696942;
41.90916180992729;12.689261063404775;125504188;13.1887245;
41.90886024031994;12.689516862676248;125507218;12.859084;
41.90856872697942;12.689768495921543;125510230;12.778344;
41.90829351269533;12.689999089626957;125513182;11.553628;
41.90804869040786;12.690210942208468;125516217;10.282082;
41.90783642406908;12.690400464484325;125519227;8.745054;
41.907718106505996;12.690490240408417;125522224;3.5734444;
41.90761131552051;12.6905789513452;125525218;5.7867403;
41.90743695909411;12.690742604357778;125528235;8.78183;
41.907208132923614;12.69093379757494;125531243;10.164104;
41.90702290003959;12.691090888897087;125534198;6.6273465;
41.9068958135404;12.691201383458955;125537233;5.216788;
41.90678280792991;12.691299187579537;125540181;4.753309;
41.90666792664064;12.691401735027236;125543195;5.745522;
41.90652286684709;12.691527835425271;125546214;6.587178;
41.90637624073981;12.691640232281117;125549224;5.6657867;
41.90626925943028;12.691729043251566;125552207;4.3370495;
41.906168379629655;12.691817213698021;125555215;3.8882933;
41.9060944160395;12.69187791868501;125558212;3.7704854;
41.90596454802547;12.691985155307002;125601202;7.139211;
41.905782420606805;12.692146317158015;125604185;8.43889;
41.90560231926813;12.692306157595818;125607255;7.7058406;
41.9054237918443;12.692453055224426;125610229;7.672726;
41.90525040923118;12.692597195893468;125613212;7.833055;
41.905062867003295;12.692773391122909;125616214;8.897858;
41.904887734804845;12.692998491778305;125619203;9.093938;
41.90470310142761;12.693274709370208;125622213;11.074418;
41.90446884401942;12.693633100994546;125625198;14.139788;
41.904176342171226;12.694037936365351;125628216;15.975806;
41.90388801992853;12.694440568556319;125631226;15.074505;
41.90363646241786;12.694803112927849;125634220;12.144741;
41.90346746421232;12.695050693830972;125637232;7.2732286;
41.90334824864742;12.695240585886989;125640198;7.1153398;
41.903168532748914;12.695490844107571;125643209;10.718667;
41.90295576996798;12.695784438142256;125646219;11.713888;
41.90273315665522;12.696118043576652;125649216;12.559462;
41.902497378492924;12.696463661733597;125652208;13.183758;
41.90228248178527;12.69677213626099;125655229;10.091084;
41.902125904097986;12.696997219224436;125658228;8.202017;
41.901959299568034;12.697251535495482;125701180;9.639534;
41.9017803403877;12.697523726353808;125704234;10.529859;
41.901585147095254;12.697799726612292;125707205;10.559629;
41.90136493280134;12.698103832868002;125710242;12.275887;
41.901133158869726;12.698435375170575;125713215;12.490477;
41.90089477655941;12.698777148241131;125716220;12.578725;
41.90066330624092;12.699107238703178;125719214;12.39548;
41.90045251286876;12.69941191847886;125722211;10.454635;
41.90023626559224;12.699719776779785;125725205;12.388728;
41.90000662016753;12.700050369285648;125728195;12.094094;
41.899793672852155;12.700354684460338;125731177;11.352539;
41.89957914323155;12.700676384606187;125734176;12.2465;
41.89935983000719;12.701006945520762;125737176;12.044593;
41.89910566689434;12.701284035742974;125740217;12.363756;
41.89880600302017;12.701510901719153;125743237;12.777856;
41.898473954112184;12.70169271009964;125746217;13.662222;
41.89812230375191;12.701868351405814;125749246;13.766132;
41.89778476607418;12.702041523834831;125752250;13.144704;
41.89745731767828;12.702188708378511;125755231;12.699559;
41.897121885861104;12.702243030831198;125758221;12.28017;
41.89681645100977;12.702226247684294;125801166;10.980058;
41.89650409523792;12.702151246054472;125804226;11.785128;
41.89620220006528;12.702096278205543;125807216;10.916375;
41.895923854087535;12.702243056528387;125810213;11.494988;
41.895637344386216;12.702430956864916;125813186;11.767047;
41.89541487597705;12.702565757723995;125816218;7.300151;
41.895288809231445;12.702633540567131;125819231;4.397233;
41.895174174834374;12.702690881738775;125822227;4.503706;
41.895121378920805;12.702736024407034;125825229;1.5372394;
41.89516032890297;12.702868330359038;125828225;5.850744;
41.895347269447036;12.703018560744564;125831210;9.380707;
41.89563209924705;12.703227493980267;125834209;12.631732;
41.89596981211718;12.70348199041278;125837207;15.2094555;
41.89635870319222;12.703775059814383;125840190;16.918749;
41.8967523028049;12.704073052639476;125843219;16.977608;
41.89717125048301;12.704388615150636;125846206;18.195707;
41.897610752368955;12.70472380710202;125849200;18.790798;
41.89803310331376;12.705037998980178;125852229;17.374247;
41.89843006853145;12.705335222016798;125855193;16.700533;
41.89883006867213;12.705639850338;125858202;17.1927;
41.89924405617437;12.705949526913203;125901199;17.667646;
41.899660815005575;12.706280432261794;125904175;18.006199;
41.9000713228071;12.70658999391115;125907208;16.926119;
41.900471605002295;12.706887345121707;125910197;16.961678;
41.90088841517598;12.70717246220327;125913162;17.191523;
41.90129274466329;12.707441828425393;125916170;16.436071;
41.90168577091741;12.707705879198574;125919158;16.33464;
41.902094740060306;12.707966324771423;125922190;17.016485;
41.90251350482891;12.708250119228973;125925183;17.4705;
41.90293415374837;12.708536253090813;125928172;17.39584;
41.90334909977167;12.708825399643334;125931166;17.148005;
41.903766287324096;12.70912678612127;125934183;17.848585;
41.90420804666748;12.709446645779888;125937231;18.663635;
41.904635852812696;12.709780572193122;125940208;18.172842;
41.905048023652775;12.71012065878396;125943176;17.812767;
41.90536659562974;12.710569153639522;125946156;16.864763;
41.90553446267012;12.71112990397602;125949200;16.77487;
41.90565709945786;12.711733755437516;125952179;17.64688;
41.9057766657179;12.712366105226991;125955162;17.92472;
41.905897034355014;12.71299111874022;125958212;17.76419;
41.906010273682384;12.713581792609274;130001222;16.367037;
41.90611466454548;12.714122288083239;130004250;14.991691;
41.906219643485116;12.714655334436165;130007195;15.423478;
41.90633457774151;12.715226973319158;130010163;16.823103;
41.90645452743441;12.715836940641946;130013209;17.533752;
41.90657657776977;12.716450289567348;130016198;17.630287;
41.90669996945385;12.717089241950811;130019215;18.546257;
41.90682689105358;12.717735353828903;130022217;18.230484;
41.90695211059924;12.718362164782032;130025197;17.760859;
41.90707291062795;12.718972258108979;130028206;17.260319;
41.90719435418506;12.71956490698709;130031199;16.549843;
41.907307640893194;12.72013103223632;130034221;16.170725;
41.90742191452746;12.72071417793949;130037214;17.429924;
41.907545950236546;12.721317703359206;130040251;17.65658;
41.907669130677654;12.721929825145175;130043223;17.47827;
41.90780858718616;12.722522620357454;130046205;17.211262;
41.9080537281948;12.723058397159855;130049212;17.76845;
41.908416833500404;12.723536772235843;130052194;19.247915;
41.9087996932975;12.724018211882353;130055203;19.542305;
41.90918790975608;12.724503578769445;130058180;19.76688;
41.90958028632499;12.724990742886426;130101222;19.95238;
41.90996618156889;12.725490725490166;130104124;19.708239;
41.910326689509915;12.725985144411556;130107170;18.574944;
41.91065739637357;12.726446370225425;130110109;17.528772;
41.91096347962565;12.72689357415616;130113194;16.456682;
41.911217247796;12.727285713102049;130116154;13.351545;
41.9114338979579;12.727639930659683;130119217;12.333972;
41.91162429433476;12.727980477896029;130122215;11.425906;
41.91178968389288;12.728293633960158;130125203;10.012854;
41.91193734262723;12.728577121448744;130128212;9.446013;
41.91209240245432;12.72887233604537;130131223;10.284095;
41.91224823391667;12.72917666810509;130134218;9.933097;
41.91239646788535;12.729469783261438;130137216;9.8671255;
41.91254846341885;12.729769782483624;130140211;8.842286;
41.91260219356534;12.729873654143601;130143215;0.0;
41.912633334973016;12.729935170670013;130147211;0.0;
41.91269664875408;12.730060001925192;130150217;5.639482;
41.91280721087213;12.73028175803435;130153219;8.214454;
41.91292912597576;12.730528253344776;130156215;8.282025;
41.913076472338545;12.73083299770146;130159219;10.853472;
41.91323738350523;12.731160255516137;130202211;10.72021;
41.913413439689336;12.731513160500274;130205220;12.804164;
41.91361049203259;12.731922350081659;130208229;14.16246;
41.91381539044632;12.732346993818412;130211182;13.774849;
41.91401711014033;12.732761524619649;130214225;13.915479;
41.91422775891003;12.733206396865118;130217166;14.759743;
41.91445543103831;12.733673613309904;130220233;15.635884;
41.914693240332326;12.734159020385835;130223220;16.364277;
41.91494874851194;12.734680846096829;130226230;17.55823;
41.915221624061914;12.735220891460354;130229223;18.34972;
41.91553856722812;12.7357631339574;130232227;19.356062;
41.915882553958205;12.736311914715976;130235214;20.054222;
41.91623975806081;12.736885602571578;130238216;20.843447;
41.91659159634239;12.737494350711192;130241178;21.376259;
41.91691320748233;12.738100038640995;130244214;19.877441;
41.91722335155381;12.73868162072908;130247203;19.840937;
41.91754554492646;12.739272181603797;130250221;20.334267;
41.91787222044435;12.739852043243037;130253231;19.498596;
41.91815449662901;12.74043792348026;130256218;19.38217;
41.91838470742275;12.741057877252315;130259224;19.164896;
41.91855894534817;12.741706444034621;130302221;19.14654;
41.91872022903719;12.742364006989023;130305228;19.184164;
41.91888619469601;12.743020950780872;130308209;19.209774;
41.919062809374466;12.743679284467119;130311188;19.44005;
41.91926156816835;12.744340176137698;130314217;19.783253;
41.91945292445694;12.744984194670831;130317213;19.532644;
41.919656968398236;12.745611167483982;130320210;19.130161;
41.91984655417151;12.74625523369482;130323227;19.342394;
41.920058260768975;12.746912189472122;130326210;19.474123;
41.920326321700095;12.7475108832886;130329212;18.899384;
41.920613064651214;12.74808239224386;130332214;18.885569;
41.92085848544143;12.748695002354712;130335208;19.192244;
41.92100102540745;12.74939463721091;130338220;19.83349;
41.92111915700428;12.750111121397431;130341190;20.385973;
41.921250554704244;12.75082178998147;130344218;20.420162;
41.92136666217465;12.751537538675894;130347210;20.388924;
41.921466341410834;12.75223628757802;130350216;18.97099;
41.92152500542077;12.752821800216632;130353208;14.780948;
41.92151779916115;12.7532822661654;130356219;12.061441;
41.92140626427212;12.753716343588644;130359218;12.959566;
41.92127724200815;12.754169405940926;130402233;13.719196;
41.92114141925691;12.754631021109173;130405230;13.837931;
41.920998676266485;12.75510740283516;130408184;14.292699;
41.92077269653345;12.755535904772024;130411212;14.763959;
41.92045333784278;12.755900319923962;130414217;16.061264;
41.920062846339825;12.756227184977826;130417215;17.42894;
41.91966513915846;12.756544588061516;130420208;16.891344;
41.91925812865141;12.75684880182389;130423168;17.668983;
41.9188001961668;12.757125469727063;130426230;18.913637;
41.918338151654844;12.75746500946098;130429207;19.768135;
41.91788462924808;12.757812352772074;130432220;19.354208;
41.917426083715114;12.758160315882732;130435215;19.577545;
41.916966239891806;12.758497223839331;130438227;19.391186;
41.916495534639786;12.758812358171587;130441203;19.519526;
41.916013535424234;12.759098031277968;130444214;19.487251;
41.91553797772809;12.759386314360807;130447215;19.221842;
41.91507235039423;12.759691714436808;130450235;19.360186;
41.91462910066982;12.76006394899857;130453209;19.451494;
41.91418164499361;12.760456454595658;130456209;19.979607;
41.91370044137392;12.76082906886255;130459219;20.491596;
41.91318607565056;12.761050355097987;130502196;19.831142;
41.912688508983415;12.761251434568447;130505208;19.076933;
41.9121949989476;12.761468414792494;130508209;19.558771;
41.91169524660524;12.761600588421071;130511209;18.138103;
41.91121781293056;12.761712774034052;130514203;18.1437;
41.91073981972284;12.761945671575962;130517230;19.399595;
41.91022717970665;12.762166092149764;130520222;20.029657;
41.90968511662882;12.76233140734488;130523197;20.831425;
41.9091631887563;12.76240388421308;130526169;18.345287;
41.90870823686488;12.762332293627157;130529654;16.371408;
41.908287667926466;12.762243284512708;130532648;15.945383;
41.907865774755734;12.76240224864781;130535646;16.461018;
41.907442032887545;12.762642581032498;130538641;17.389519;
41.907030130795064;12.762947012569773;130541656;17.134708;
41.90670279289437;12.76341293410084;130544662;18.020433;
41.90634481269984;12.76388839577501;130547657;19.011484;
41.90593540119934;12.764359082367717;130550658;20.43305;
41.90547206811147;12.764816465102061;130553648;21.753336;
41.90497087429054;12.765265877156995;130556652;22.350878;
41.90448181573452;12.765710514010213;130559661;21.764757;
41.90400031969794;12.766157522864116;130602614;21.678244;
41.903527833222114;12.766615387365501;130605678;21.527843;
41.90308475167347;12.767091854586804;130608660;20.92702;
41.902660063364024;12.76755452555494;130611670;19.752247;
41.90225782542727;12.768000281838392;130614663;19.269417;
41.90184240182284;12.768423662488585;130617666;19.35733;
41.901372274177454;12.768744398770073;130620646;19.702496;
41.900877896710575;12.76903497636685;130623671;20.129145;
41.90037159311224;12.769322552298428;130626665;20.478655;
41.89986635606429;12.769610780560354;130629635;20.411436;
41.89934375178217;12.769900292886044;130632676;21.323326;
41.898791300846995;12.770176821840865;130635676;22.009638;
41.89824206070403;12.770395974484307;130638662;20.853807;
41.89773158523928;12.770678384358519;130641661;20.365284;
41.89724682589126;12.771030041010505;130644641;20.443827;
41.89676701909605;12.77138516947882;130647646;20.376415;
41.89628254382501;12.7717427551006;130650649;20.49883;
41.89581010852787;12.772087594862665;130653666;19.470104;
41.89536452113427;12.772414730018815;130656666;18.570734;
41.89490000338325;12.772663029742148;130659645;18.565277;
41.89441252148222;12.772804018037323;130702645;18.424631;
41.893922292476624;12.772871391009739;130705652;18.15534;
41.89343847999532;12.772924709404984;130708676;17.936827;
41.89295536352583;12.772967028176373;130711664;17.948294;
41.89246955473993;12.773013653553955;130714662;17.986502;
41.89199430403297;12.773136500357422;130717643;17.880747;
41.89155828305513;12.773425279600165;130720654;17.962908;
41.89113698517798;12.773718508851644;130723651;17.463684;
41.890690225691415;12.773950014994083;130726645;17.63268;
41.89025548119373;12.77420726956281;130729632;17.910967;
41.88984603553791;12.7746244176138;130732656;19.364113;
41.88942133115466;12.775071409343651;130735663;20.27243;
41.8889914526965;12.775547655677679;130738657;21.094465;
41.888581123519444;12.776099268888583;130741646;21.669983;
41.888183187239754;12.77663936232741;130744663;20.711916;
41.88785601316901;12.77720446545144;130747656;19.332888;
41.887542119364994;12.777719525825091;130750654;18.040499;
41.887122302014475;12.778054361983163;130753644;18.53742;
41.886657698035144;12.77836017152371;130756675;19.222729;
41.886195614388654;12.778666481600139;130759651;18.723915;
41.88579033756045;12.779041914467543;130802658;18.324066;
41.88546052089615;12.77954568787168;130805663;18.838179;
41.88515212573967;12.780084722997602;130808641;18.834171;
41.88482675103105;12.780606943704258;130811650;18.763813;
41.88447723650166;12.781085288845775;130814663;18.286983;
41.88418094644348;12.781580197387402;130817647;17.28328;
41.884015904647256;12.782164759880066;130820672;17.33434;
41.883841252047155;12.782742176751595;130823660;17.144537;
41.883595839305634;12.78326134430953;130826676;17.301495;
41.883351097422235;12.783813565296352;130829647;17.94511;
41.883109734991926;12.784388099214478;130832656;18.33247;
41.88287184662225;12.784983206833504;130835654;18.914188;
41.88262570399027;12.785592228638858;130838638;19.368292;
41.88236255819927;12.786181494637766;130841651;18.34752;
41.882039207505976;12.78663642846594;130844650;16.823168;
41.88170597883322;12.786972736763984;130847629;15.247842;
41.88141991363284;12.787390646382564;130850656;16.323454;
41.88119070138387;12.787923305685382;130853661;17.330252;
41.88095432048594;12.78849386368153;130856669;18.675217;
41.88070764022442;12.78910386826249;130859650;18.978046;
41.88048280119085;12.789736797873564;130902666;19.528456;
41.880265856735676;12.790404734890366;130905655;20.376663;
41.87996962745309;12.791047709393425;130908647;21.065998;
41.87964666041008;12.791652928117317;130911669;20.45013;
41.879334536130855;12.792266110963954;130914657;20.79575;
41.87902586255332;12.79288047302921;130917661;20.269386;
41.878727728477344;12.793463333837597;130920662;19.164614;
41.87837811551269;12.793979039400833;130923647;19.13133;
41.87794843849697;12.794383317091023;130926638;19.76473;
41.877493333041535;12.79478366144384;130929667;20.306566;
41.87703356448324;12.795196929906371;130932625;20.59802;
41.87656084301471;12.795587070154243;130935649;20.543535;
41.87609004799589;12.795986658084292;130938642;20.588015;
41.87562508997445;12.796391496907388;130941622;20.546642;
41.87516071905304;12.79679357937694;130944669;20.648666;
41.87470274355517;12.797217885975272;130947653;20.829012;
41.87426361826634;12.797693438901861;130950666;21.143969;
41.873830624715275;12.798208538455507;130953652;21.510242;
41.873397816975995;12.798737867020241;130956664;21.753641;
41.87298298865552;12.799296796113513;130959650;21.454634;
41.872601520073026;12.799828963367725;131002654;19.88281;
41.87227373940131;12.800392914887057;131005669;19.783077;
41.87197619042146;12.800996929966486;131008650;20.055832;
41.871683932498065;12.801601723595471;131011656;19.877428;
41.87134764440404;12.802170534310706;131014663;20.163786;
41.87097880143003;12.802664456611566;131017662;18.845634;
41.87059223196649;12.803134186041817;131020653;19.553436;
41.87028235994424;12.803722609969673;131023651;20.27818;
41.869995007480114;12.804344714680578;131026670;20.044422;
41.86968071594007;12.804905561626846;131029651;19.334913;
41.86934167204229;12.80542829830043;131032670;19.040339;
41.86900067341791;12.805936710142293;131035664;18.81519;
41.86866699341184;12.806420045190778;131038655;17.611565;
41.86837890075428;12.80684762198828;131041652;14.509387;
41.868198890923935;12.80709911132906;131044659;7.0678244;
41.86812449898514;12.807171455553565;131047619;2.5154593;
41.86806226879909;12.807228413125472;131050656;2.635396;
41.867949975811875;12.80737439920979;131053655;7.414104;
41.86784326371351;12.807678513071753;131056656;10.707699;
41.8678718633269;12.808081655357736;131059650;11.47087;
41.86797995268368;12.808439175994671;131102691;10.195274;
41.86818011719751;12.80873704877959;131105662;9.969231;
41.86835345416012;12.808974661986959;131108670;8.625912;
41.86845744624079;12.809229848351924;131111660;8.689691;
41.86842667127419;12.809559848591928;131114654;9.5376835;
41.86842122699865;12.809925095120716;131117673;10.322692;
41.86858586060625;12.81026407417422;131120653;11.818735;
41.868847499278274;12.810574672068904;131123649;13.615361;
41.869109443677246;12.81091512220873;131126650;14.1623535;
41.869378930188375;12.811271895850988;131129661;13.693988;
41.869581750985674;12.81155562904937;131132669;8.283058;
41.8696922270857;12.811722738690623;131135648;5.867129;
41.869831129173164;12.811954643405544;131138690;9.300099;
41.86994652229363;12.812310486116587;131141660;10.803837;
41.87002202546696;12.81271853266029;131144673;11.892476;
41.87008247752873;12.813158009962024;131147669;12.408264;
41.86998758158082;12.813592546871304;131150654;13.056546;
41.86971645309634;12.813945518322344;131153652;14.495546;
41.8693508994483;12.814213583760592;131156682;15.808828;
41.86895527005372;12.814494490103707;131159679;16.875677;
41.86859162170263;12.814871997378294;131202668;17.123665;
41.868235709804594;12.815295117948688;131205667;17.736368;
41.867875108486125;12.815730982940932;131208655;17.950521;
41.86750711856853;12.816167673761528;131211665;18.341572;
41.86712923135583;12.816612280460404;131214672;18.713364;
41.86673873567413;12.817064524284188;131217666;19.109766;
41.8663244191928;12.817498699695564;131220659;19.66151;
41.86590416294966;12.817928906672053;131223682;19.926765;
41.86547372303698;12.818364281241738;131226650;20.082502;
41.86507418989936;12.81877142960255;131229683;17.830505;
41.86472775466261;12.819178650423057;131232670;16.884748;
41.86446458364096;12.81969508723025;131235669;17.91257;
41.86421857857533;12.820283515951571;131238676;18.98571;
41.86399878449959;12.820866795804337;131241664;17.485489;
41.86382438062525;12.821462523686835;131244662;17.773714;
41.863640952718725;12.822059839358857;131247657;18.1873;
41.86334112471515;12.82259792136596;131250663;18.696852;
41.86300927071158;12.823121072238257;131253664;19.046337;
41.86272923050449;12.823710609512624;131256664;19.524124;
41.862457053571234;12.824334314174813;131259650;20.118206;
41.86216987665524;12.824964367914864;131302660;20.587208;
41.8618746351711;12.825588768965954;131305657;20.007202;
41.86156539933087;12.82619394178966;131308669;20.539637;
41.86125902292308;12.82682086671213;131311665;20.938725;
41.860958204958116;12.827430802987276;131314666;19.548798;
41.86067535755052;12.82797553874123;131317667;18.13117;
41.8603697910122;12.828498861253523;131320641;18.605364;
41.86006591003932;12.8290241505478;131323660;17.983734;
41.859748232500046;12.829518231331367;131326684;18.148748;
41.8594359055381;12.830038587197102;131329700;18.21979;
41.85911216012163;12.830559960342871;131332665;18.693577;
41.858791675805236;12.831084542420088;131335678;18.901026;
41.85846808153196;12.831615494152821;131338663;19.077662;
41.85814375690879;12.832153282888557;131341663;19.13366;
41.85782000924906;12.832689760640486;131344680;19.105064;
41.85749794920373;12.833225585044024;131347656;18.996897;
41.85717816816748;12.833757902475178;131350664;18.976234;
41.856858595008816;12.834290118945146;131353670;18.976007;
41.856551966978905;12.834811258213026;131356662;18.029863;
41.85633007128656;12.835388640218573;131359653;18.12195;
41.85619307847688;12.836016339958888;131402675;18.221758;
41.85605236123862;12.836654234097205;131405661;18.492504;
41.855907680545386;12.837309991060408;131408680;18.880556;
41.855784596730686;12.837925766419911;131411636;17.319407;
41.85564902411539;12.838515756539516;131414661;17.301998;
41.855475533404515;12.839130897745626;131417650;18.610518;
41.85518075450279;12.839695255794403;131420657;19.411858;
41.85483709810664;12.840259328768367;131423660;19.806194;
41.854485876552424;12.840792697433496;131426637;19.36541;
41.85415850106787;12.841308279846395;131429652;18.540176;
41.853821857574886;12.841821591854158;131432662;19.211882;
41.85348570708252;12.842357967720837;131435647;19.402752;
41.85316513529912;12.842890618136327;131438655;19.035627;
41.85289687261993;12.843502110118937;131441632;19.743479;
41.85259481955682;12.844100454442668;131444652;19.818708;
41.852256390465975;12.844649072111043;131447649;19.711245;
41.851918704161825;12.845190477755411;131450662;19.462898;
41.851578503398926;12.845723275895642;131453650;19.484049;
41.85124752199705;12.846269697719965;131456657;19.79817;
41.85090280793891;12.846826395897715;131459656;20.03863;
41.850555026930714;12.847393258311234;131502659;20.283495;
41.850208062686654;12.847958935010423;131505662;20.398985;
41.84986092154012;12.848531177874392;131508667;20.48258;
41.84952628241172;12.849087762072106;131511662;19.616087;
41.849183398963106;12.849648088103224;131514685;20.303278;
41.84883058973063;12.850225600224295;131517658;20.72158;
41.84847543925333;12.850821014436777;131520664;20.983887;
41.848173465600105;12.851480909947746;131523651;21.657503;
41.84795009001876;12.8521922378351;131526656;21.351522;
41.847764207103936;12.85290057259809;131529667;20.793886;
41.847572126392826;12.853590423779561;131532640;20.244635;
41.84737502986643;12.854262861825609;131535662;19.83571;
41.847149094745255;12.854908501900937;131538666;19.744741;
41.84691037023393;12.855555405282653;131541623;19.966518;
41.84666712781296;12.85620556778399;131544639;20.002129;
41.846438782891475;12.856819790379218;131547660;18.442238;
41.846220886912725;12.85741286344327;131550695;18.198729;
41.84600901865853;12.858010350488629;131553667;17.8363;
41.84580779944484;12.858575181360127;131556658;17.367664;
41.845595213240905;12.859148917878667;131559657;17.696356;
41.84537304308206;12.859726762473908;131602661;18.060703;
41.845158400424495;12.860311780900043;131605659;17.876122;
41.84494056387799;12.860896729279391;131608670;18.367481;
41.84472168840366;12.861506497952044;131611679;18.949074;
41.84449763882018;12.862130533813563;131614656;19.271431;
41.844272360687064;12.86275645820672;131617663;19.074694;
41.84405511238093;12.863352273984768;131620653;17.817562;
41.843850685953925;12.863902146769904;131623657;16.803026;
41.84364763092267;12.864451183017145;131626665;17.061657;
41.84344492647323;12.865006525028466;131629632;17.49044;
41.84323483977673;12.865583615189898;131632640;17.795465;
41.843034072368;12.866136267878963;131635661;16.752398;
41.84282459038362;12.866685383593566;131638676;17.202263;
41.84261166714786;12.867255633274553;131641614;17.781038;
41.84240139778183;12.867824388609964;131644663;17.077587;
41.84221105450861;12.868342031359772;131647662;15.116773;
41.84202724431293;12.868808634160043;131650659;14.340379;
41.841859558519324;12.86926032048281;131653667;13.587452;
41.84173177023638;12.869595780557116;131656666;7.608513;
41.841638679011396;12.869701370695234;131659644;4.404232;
41.84152678961793;12.869824310435718;131702671;5.8639026;
41.84148742819355;12.869987173318936;131705672;4.2975855;
41.8414448640604;12.86983837699719;131817610;0.0;
41.84140491409237;12.869794553838764;131821668;0.0;
41.84136301000496;12.869765561672915;131826661;0.0;
41.841307652043334;12.869741932621265;131831656;0.0;
41.84125863485688;12.869735828463158;131837660;0.0;
41.84120765514418;12.869687956170386;131843699;0.0;
41.84115765342542;12.869655281133102;131847661;1.2360145;
41.84110797748492;12.869622911695574;131852666;1.2374035;
41.841061312014574;12.869595014918684;131857658;1.1850694;
41.84100987738023;12.86957373200176;131902660;1.2720091;
41.84096673894832;12.869550826161957;131906666;1.4410826;
41.84092964901806;12.86951170911876;131910674;1.2959083;
41.840900212681845;12.869460478004417;131915658;1.212739;
41.84085117990262;12.869426190014778;131920619;1.280078;
41.84080547082609;12.869387152684714;131925658;1.2607998;
41.84076125786506;12.869362146422462;131929679;1.2837281;
41.8407213480273;12.869309639674006;131934644;1.1409475;
41.840702709368124;12.869252882854877;131938663;1.1956158;
41.84069882623244;12.869192567505042;131942673;1.113636;
41.840693603529154;12.869118665041842;131947654;1.2184143;
41.84067107117725;12.869063242429858;131957669;0.8859609;
41.84063097086547;12.869032237092956;132003646;1.0554286;
41.84058763885202;12.869007324872783;132008671;1.1006958;
41.840544793121154;12.868977658146731;132013623;1.1067301;
41.8404954934758;12.86895174233753;132019671;0.98346233;
41.84044014402701;12.868939383177421;132024659;1.1970649;
41.840399394218025;12.868895537951765;132029661;1.1136917;
41.840397981356276;12.868832892833;132034672;1.0041353;
41.840406641813054;12.868770595254606;132039665;0.97616327;
41.84041381532646;12.868688689181717;132129659;1.0826344;
41.84042972187161;12.868623826868458;132855637;0.011472675;
41.840421200099975;12.868683014363038;132957644;0.012291004;
41.84036498490489;12.868686958221282;133326682;0.88300997;
41.84031647510142;12.868678011002535;133330675;1.1332742;
41.84027094847643;12.868663762691016;133340655;0.006697497;
41.84024120297274;12.868709987480157;133615621;0.16839474;
41.84026081249908;12.868646922030218;133654570;0.18202668;
41.84047537440387;12.868693039746114;133717646;0.29378203;
41.840423978999866;12.868716771819512;133722660;0.16470648;
41.840370455795465;12.868731604464289;133735648;0.04405386;
41.84032425600405;12.868721561466762;133740650;0.04344596;
41.840361437298874;12.868681466662503;133759633;0.5459106;
41.84031468605515;12.868657538341756;133816623;0.52474725;
41.84026912887259;12.868642773999548;133834665;0.143766;
41.84024710571353;12.868697694743375;133940646;0.0060255663;
41.84026926522412;12.868645011648656;134029626;0.17195243;
41.84023954142001;12.868596954018185;134143608;0.03573634;
41.84026808639901;12.868646602661618;134250620;0.054166954;
41.84031134969366;12.86860449540719;134504616;0.1279335;
41.84026851742695;12.868554900696848;134507638;0.053452913;
41.840265427613254;12.86849447382338;134542634;0.14194325;
41.840283372252735;12.86843844569843;134644634;0.103598505;
41.84024753150661;12.86840102736875;134703613;0.4884538;
41.84023750749492;12.868340378909245;134708668;1.0652664;
41.840243383075986;12.868278464014852;134711666;1.3011864;
41.84025770457177;12.868204984556028;134715676;1.2208401;
41.84027125163458;12.868135148130932;134719664;1.2192211;
41.84029877887986;12.868085612711369;134724626;1.0977987;
41.840324783242984;12.868034239677305;134729620;1.0173738;
41.840352035675984;12.867977818380998;134735409;1.0322317;
41.84037607603531;12.867914487902064;134741356;1.0381154;
41.84039407439441;12.86785570987608;134746383;1.0611826;
41.84041584023151;12.867797494823558;134751399;1.0634968;
41.84043249252638;12.867738938674055;134755377;1.1096362;
41.84044834362897;12.867674546003865;134759344;1.1446757;
41.84047052329237;12.867613535175524;134804382;1.1539767;
41.840473293273156;12.867553137041403;134808414;1.0809134;
41.84043091037906;12.867522639981393;134823358;0.48473555;
41.84046361383068;12.867469137992389;134828366;1.1336104;
41.84051007233473;12.86745804482453;134831401;1.3048818;
41.840560293661056;12.867453993204993;134835411;1.2750592;
41.84061127109636;12.867447754379683;134839408;1.2658398;
41.840659682982405;12.86747326454931;134844401;1.0901028;
41.84069828900809;12.8675061995769;134928414;0.9120787;
41.840640029565854;12.86749393468954;134934395;1.2253593;
41.84058347442738;12.867465533446895;134938399;1.390954;
41.84053451839602;12.867443800654472;134942403;1.3671478;
41.840504149926126;12.867398808027579;135044367;0.12504421;
41.840552583211185;12.867378540983408;135051418;0.750375;
41.84060377761942;12.86740283843122;135056410;0.9804771;
41.840653939674766;12.86743711401035;135100390;1.0246643;
41.84069957019805;12.867470702012508;135104398;0.78701717;
41.84075925570972;12.867487934614335;135108400;1.3876266;
41.84080467708636;12.867512454092997;135111397;1.4345642;
41.84085464277041;12.867538884027248;135115420;1.4271281;
41.84090201335879;12.867569703512771;135119405;1.4090122;
41.84094402431768;12.86760412649413;135123388;1.3693526;
41.84088628855652;12.8676155207909;135153414;1.1880198;
41.840839474738836;12.86761688349401;135156402;1.26231;
41.840781446649416;12.867614188466518;135201389;1.2557327;
41.84072966651259;12.867604720220713;135206390;0.5402716;
41.8407791147734;12.867571909171795;135457403;1.2667031;
41.84083257011802;12.867584535124125;135501347;1.2788036;
41.840887720404766;12.867607294271023;135505395;1.2874812;
41.84093468845064;12.867619289732534;135509409;1.291849;
41.8408965206574;12.867582946280026;135530398;0.7621902;
41.84086787706113;12.867528702097582;135538399;0.6987297;
41.84089615964166;12.867470229931929;135733380;0.43593186;
41.840851273427134;12.867463466184875;135811379;0.024705913;
41.840899976395946;12.867479787624875;135856356;0.3322767;
41.84090352402561;12.867416087840555;140145359;0.5802178;
41.84095268789319;12.867417019148737;140216396;0.010311933;
41.84100028613331;12.867417236419879;140822374;0.01910584;
41.84095591950546;12.867447393217713;141010374;0.047064506;
41.84098308475232;12.867504563955224;141450407;0.78119034;
41.840970833841595;12.867568042474074;141455391;0.88878053;
41.84098035143057;12.86763396450485;141500431;0.9189792;
41.84093702965402;12.867612014711831;141532397;0.3501572;
41.84090194159831;12.867573921403965;141630377;0.008716869;
41.84090981032186;12.867503281370578;141704375;1.1575651;
41.840945809966776;12.867463893663276;141710418;0.7134287;
41.84098649983662;12.867495565800214;141717406;0.056688312;
41.840998607395214;12.867554357768244;141844363;0.029746544;
41.841007941521404;12.867492822000331;142035367;0.21961704;
41.84100124541893;12.867561608522879;142202396;0.71306485;
41.840981539371356;12.867621011842205;142208389;0.68720645;
41.8409415665133;12.867666160062889;142214414;0.9799455;
41.84091649538897;12.86760817666284;142319405;0.81904113;
41.84088629399181;12.86756285047925;142323409;1.0470388;
41.84087300445229;12.867505016216374;142331398;0.36756822;
41.840905407472576;12.867558498041966;142408389;0.7839353;
41.84093210724035;12.867615784147823;142414398;0.67107683;
41.84090476284008;12.86756723993037;142602362;0.010967279;
41.840923828485906;12.867511574379607;142748369;0.0069510215;
41.840949078763785;12.86756400289825;142850373;0.11814973;
41.84091624567653;12.867607656860212;142921354;0.045975022;
41.84085993893343;12.867609714954193;142926413;1.2792461;
41.84080912651349;12.867603146966594;142929428;1.508267;
41.84075907573193;12.867595908977417;142932435;1.4973136;
41.84070978266189;12.867594534764942;142935400;1.4705349;
41.840660680381745;12.86758235856059;142938399;1.5128126;
41.84061361141396;12.867564148167832;142941390;1.5328807;
41.840558499445635;12.867544014956408;142945401;1.5127516;
41.840509220594946;12.867526514781488;142949406;1.417951;
41.84046457139675;12.867506850447564;142954381;0.0017250677;
41.84050036378047;12.867545061504574;143002402;0.6066257;
41.84046977493048;12.86759420496456;143009420;1.2620708;
41.8404599125627;12.86765850108754;143012441;1.6150626;
41.84044537929388;12.867720345764985;143015419;1.6152831;
41.84042874831402;12.86777876002032;143018407;1.6394953;
41.84041504444787;12.867839925413367;143021401;1.6493605;
41.84038301121497;12.86790935059286;143026376;1.5168214;
41.840366047792585;12.867970554977056;143029414;1.5153524;
41.840343511667896;12.868023221295628;143032403;1.543629;
41.84032263725961;12.868081073604367;143036415;1.5167354;
41.84030730579002;12.868151788662166;143040391;1.4770683;
41.840290860849606;12.868211356306183;143043400;1.52508;
41.840264773480996;12.868282737248322;143047385;1.5446874;
41.840246193108555;12.868340653640827;143050396;1.5234983;
41.840238731069675;12.868410821334816;143056397;1.4038845;
41.8402742197013;12.868453926401159;143059401;1.5170654;
41.840284213808715;12.868518979849648;143104383;1.3664428;
41.84028305961598;12.868580006107122;143117388;0.03958154;
41.840234109766406;12.868559923300097;143141418;0.63206416;
41.84020259679088;12.86848734741768;143144404;0.7496343;
41.840163896858144;12.868415870607736;143147414;0.9031981;
41.84018075101642;12.868354086792488;143150399;1.0735266;
41.84020454943835;12.868290964647796;143153404;1.2255995;
41.84022737787199;12.868215201342734;143157423;1.3264743;
41.84024236219339;12.868151114933221;143200397;1.4002991;
41.840260878266434;12.868082807851525;143203413;1.4503137;
41.84029414177602;12.868036138009428;143207407;1.3750668;
41.84032217280439;12.867968442737887;143211411;1.4011145;
41.840349961904934;12.8678998795653;143215407;1.4036801;
41.84036044943971;12.867838131277551;143218391;1.45459;
41.84037643588691;12.867779731230884;143221407;1.4978883;
41.84039644354894;12.867719259638003;143224412;1.5329962;
41.8404151472615;12.867659606689097;143227405;1.5660307;
41.84044162923651;12.867589325400832;143231410;1.5693138;
41.840483795523724;12.867559902221146;143235397;1.5275532;
41.84045551731029;12.867510718176655;143246403;1.0246603;
41.84050263253791;12.867482656111935;143257405;1.4350283;
41.8405603759842;12.867491621202024;143301428;1.4641775;
41.84061963592335;12.867498278706408;143305388;1.4497449;
41.84067372217275;12.867514177230479;143309416;1.4360394;
41.84072935157137;12.867530723849214;143313394;1.4512742;
41.840786274943184;12.867542111743697;143317408;1.4670208;
41.84083100485226;12.867557798065715;143320417;1.4663233;
41.840873814863905;12.867576933937233;143323412;1.4664191;
41.84092942297735;12.86759357763955;143327399;1.4629877;
41.84097467903089;12.867617711125563;143331402;1.3809123;
41.8409230047471;12.867618356410487;143345412;0.5240342;
41.840892949285625;12.867572276285976;143626367;0.14420363;
41.84094967804733;12.867548346807894;144135408;1.5484979;
41.840963018361656;12.867607477877614;144140405;1.4466798;
41.840917643897654;12.867626713687761;144216416;0.3003343;
41.84088886104713;12.867579366815608;144354360;0.086497806;
41.840935756258574;12.867604876182718;144528364;0.5477375;
41.8408885306935;12.867602662502916;144736375;0.050794642;
41.840933467421856;12.86761968536704;144935338;0.14625248;
41.840961781310995;12.867570072055736;145057387;0.39189684;
41.84095146729819;12.867635520869362;145203404;0.5347172;
41.84090692397964;12.867604857788887;145909383;0.012870648;
41.84095220470104;12.867623325196844;151134350;0.18884832;
41.84090709955866;12.867621445624335;151225401;0.016127417;
41.84095282787996;12.867608491873728;151624346;0.14565079;
41.84098580865105;12.86754492057547;152110375;0.11101947;
41.840951570596445;12.867584038241073;152209408;0.048117086;
41.8409699486741;12.8676454247405;152337366;0.11014188;
41.840927755785955;12.867669186151732;152545355;0.14817066;
41.840872496475605;12.867669667582401;152551386;0.9453582;
41.84082745370695;12.867666962742565;152554400;1.059846;
41.84077866037072;12.867650572243472;152558351;1.1009134;
41.84073145626296;12.867634150176977;152603393;1.0560712;
41.840681347439094;12.86762148068936;152608396;1.0038767;
41.84063185928287;12.867604546028817;152613388;0.9903855;
41.840586458222525;12.867574588413765;152619411;0.9781698;
41.84053898751257;12.86754240310496;152625397;0.99241513;
41.840488219157606;12.867532936440593;152630415;0.96311194;
41.84044629687652;12.86750768387506;152636407;0.5223558;
41.84049574801481;12.867510113250578;152647404;0.65946525;
41.84054480258941;12.867534332462357;152655392;0.5696628;
41.840508059937775;12.867607596091545;152708395;0.8694052;
41.840476634067834;12.867652857275454;152712400;0.923573;
41.8404425859624;12.867717938967669;152716406;0.9120242;
41.84041894646808;12.867774512363779;152719381;1.0658619;
41.84039364071445;12.867844181270408;152723384;1.2189637;
41.840371095234076;12.867903638165298;152727408;1.2221653;
41.840351900666555;12.867960396456887;152732404;1.1366353;
41.84032856672516;12.868018890782821;152736407;1.1745977;
41.840303930448584;12.868086693918444;152744402;1.0255295;
41.840283091971195;12.868151741237318;152748397;1.2123536;
41.840263890869885;12.868215991084314;152752420;1.2451582;
41.8402383626562;12.868282002010657;152757408;1.2258155;
41.840219644871034;12.86834698104267;152802404;1.1827205;
41.84019504131953;12.868403912925643;152808387;1.0362585;
41.84022979922167;12.868450018466564;152813385;1.0065187;
41.84027045558506;12.868488205676872;152817358;1.0423125;
41.840273950662834;12.86855192944692;152826389;0.852083;
41.840262330918065;12.868616279342412;152840388;0.19260979;
41.84022395803682;12.86865196906682;152849403;0.23236102;
41.84017231373045;12.868668778888225;152927403;0.16345467;
41.840219228456164;12.868680148079251;152958407;0.34378672;
41.84022862154113;12.868621157491988;153014396;0.49833375;
41.84027699683314;12.868609304836566;153023380;0.23608765;
41.84025918675557;12.868669230208257;153044386;0.031776536;
41.84020822785933;12.868669180476607;153105401;0.18153803;
41.8401628034599;12.868671158965887;153141401;0.03202859;
41.840214046808526;12.868637349276419;153205372;0.51464653;
41.84027233816421;12.86865755021371;153208410;0.7016466;
41.840301158261795;12.868607053322492;153241408;0.15711074;
41.84030426839101;12.868538541332535;153247356;0.6314457;
41.84027521687402;12.868585391244956;153309141;0.013505756;
41.84026261052033;12.86864668394039;153351153;0.18287484;
41.840220079015744;12.868681683601388;153419148;0.77999043;
41.84024904493805;12.868612041070662;153705142;0.1611177;
41.84019433532412;12.868741219353142;153921084;0.15341318;
41.84023731922564;12.86869984715966;153924169;0.006411589;
41.84022311372492;12.868639985407052;153948143;0.27759027;
41.84043379231271;12.868641947164189;154001144;0.27506027;
41.840321504731556;12.868585210765605;154145162;0.582425;
41.8403487191656;12.868633963555375;154529130;0.018246572;
41.8403844266442;12.868672522292183;154540157;0.2439304;
41.840432804881445;12.86867036553629;154553169;0.60021347;
41.84047990638863;12.868676701916273;154611171;0.9334679;
41.84052867572509;12.868683998101956;154615167;1.3258551;
41.84057709301334;12.868717829018825;154619173;1.4365302;
41.84062810081807;12.868747084062264;154624177;1.3343018;
41.840679476681416;12.868755594315639;154628183;1.2589005;
41.84072897074372;12.868756860097948;154633158;1.0932083;
41.84067709385919;12.868758318280483;154643165;1.4523441;
41.840641357427025;12.86879687019428;154650171;0.29027385;
41.8405917246849;12.868763788873613;154701172;0.6146065;
41.840540921472055;12.86874623483715;154706163;1.0539601;
41.84048860680423;12.868703820517164;154710181;1.2084049;
41.84045272186837;12.868662752227515;154713162;1.2627605;
41.84042988202734;12.86860254269351;154716176;1.2955476;
41.840390030232165;12.868561638603184;154721169;1.2106875;
41.840339910958114;12.868532738236421;154728174;0.9641419;
41.84029591527213;12.868512206859865;154734163;0.9174384;
41.840278649232744;12.868456134921804;154804183;0.1950049;
41.84026305689476;12.868515834371099;154824158;0.50809747;
41.84024569245032;12.868571848375668;154830169;0.4795187;
41.84024836659092;12.868511332847502;154847165;0.4910581;
41.840266851496374;12.868456399975436;154857166;0.008845786;
41.84021798299443;12.86846809943732;154919169;1.0011092;
41.8401683763735;12.868421358385293;154923166;1.3865826;
41.84017393463819;12.8683553797611;154926196;1.5055428;
41.840187185709546;12.868284067792546;154929160;1.5029255;
41.840205678657235;12.868218668036043;154932169;1.5121198;
41.840222638417536;12.8681571120996;154935154;1.5345054;
41.84023324088838;12.868097408257581;154938160;1.501151;
41.84025899977078;12.8680445988339;154942174;1.4177426;
41.840272773689485;12.867981560430723;154946154;1.3478267;
41.840303695131944;12.867914087036946;154950155;1.3622713;
41.84032184098061;12.867847783599768;154954154;1.3383543;
41.84034813133583;12.867779064218633;154958152;1.3862152;
41.84035574810533;12.867719254416766;155001178;1.4376723;
41.84036547368122;12.867654705465862;155004177;1.4759902;
41.84038187551246;12.867586846365137;155008163;1.4766691;
41.84040963631203;12.867534051069274;155011132;1.4993435;
41.840459349577316;12.86753462558539;155015162;1.4808738;
41.840501822039855;12.867578007736467;155018168;1.4517081;
41.84054461950767;12.867617121118993;155021157;1.432797;
41.8405870342917;12.867645219674225;155024135;1.4343343;
41.840637586920316;12.867676592575863;155028188;1.4085444;
41.84068293694913;12.867682370400544;155209118;0.026604267;
41.84072841908167;12.867685318712342;155358125;0.050679013;
41.840684609746646;12.867671457559528;160506114;0.04341523;
41.840731663084625;12.867650151005876;160902153;0.66319287;
41.84077167134022;12.867621517896447;160934173;0.021436308;
41.840775835239725;12.867681591675138;161112129;0.0093969405;
41.840779502453714;12.867741788944567;161311133;0.021262921;
41.84072608261219;12.8677230641035;161344608;0.80670863;
41.840682241829185;12.867699046672186;161347582;1.0993391;
41.84062599466681;12.86767418320284;161350531;1.2224133;
41.840582510837756;12.867652137089179;161355525;0.6057851;
41.840533810167166;12.867619703576006;161400589;0.93758446;
41.840496795667725;12.867578422224986;161430590;0.28988573;
41.84046797889414;12.867531204473362;161449606;0.44043022;
41.84051673955349;12.867504589160184;161454591;1.1482792;
41.840563456813065;12.867499316718066;161458557;1.2090034;
41.84061081954649;12.867511141650171;161502563;1.219366;
41.84066152443301;12.867505184349142;161506565;1.233682;
41.84071764998066;12.8675138041266;161511591;1.2011063;
41.84077051251578;12.867531680062273;161516587;1.1641655;
41.840824902928325;12.867539606764613;161521579;1.1461629;
41.84087114383573;12.867546470956038;161532590;0.6707793;
41.840884184657845;12.867605800756417;161640555;0.24697982;
41.8409285241912;12.867617196457463;161722553;0.02591252;
41.84089001773691;12.867649652386982;161744583;0.0122997295;
41.84093363846175;12.86763120409757;162022581;0.9612212;
41.84088990873082;12.867580234956979;162037558;1.2176288;
41.84083945840511;12.867573977945566;162040529;1.4830904;
41.84078473037721;12.867557803030987;162044591;1.458883;
41.84073488718516;12.867538454262075;162048563;1.4000132;
41.84070797483176;12.867601687282422;162059550;1.439769;
41.840727290705786;12.86754016720721;162302538;0.25614738;
41.84068435322032;12.867506624328943;162305581;0.85436445;
41.84066279639636;12.86743885054561;162309588;1.1107627;
41.84070273040096;12.867480599141693;162315574;0.90163;
41.84074636754966;12.867465573725582;162359559;0.4659532;
41.8407048278499;12.867503478366752;162514566;0.20931865;
41.84066090910413;12.867487000395466;162536570;0.62769675;
41.84070146450464;12.867518755311425;162544582;1.0722176;
41.84071054907296;12.867459145823917;162844543;0.0042740284;
41.84073971143046;12.867505292553988;163208538;0.27387017;
41.84071430853115;12.8674439232566;163302528;0.0400465;
41.84072261998304;12.867503666549947;164902572;0.15760224;
41.84066330532972;12.86748599370413;164922565;1.219893;
41.840608628580746;12.867501013988429;164925583;1.4442457;
41.840553983114944;12.867491650019915;164929584;1.3035599;
41.840509004392004;12.867495721068739;164934584;0.6583273;
41.84054128239302;12.867540565432012;164947574;0.29918084;
41.840572464165945;12.867588518984268;164951577;1.3013693;
41.84062173610645;12.867627554837478;164956582;1.3630189;
41.840668229547035;12.867637044100737;164959590;1.4106343;
41.84071557791538;12.86766623663027;165002588;1.4805182;
41.840764005779754;12.867669437100144;165005578;1.522231;
41.84081421284959;12.867653602959248;165011589;1.4480549;
41.840851821473976;12.867694674325346;165014561;1.4404876;
41.8408111299193;12.867730068022853;165041574;0.41718683;
41.84076039286923;12.867698703745514;165247586;0.72582424;
41.84071229630872;12.867729892619979;165250578;1.3486567;
41.840657821156775;12.86772302460987;165253584;1.4641769;
41.84061252377983;12.867682021018197;165256575;1.4521923;
41.840564057099826;12.867631162149957;165259520;1.5253103;
41.84052091896772;12.86758895432166;165302616;1.5347;
41.84047829797032;12.867561378936596;165308576;1.258853;
41.84048707941363;12.867499330118891;165315601;1.0381722;
41.84053935628511;12.867482414606178;165319549;1.4278399;
41.84059189670073;12.86746608729115;165323535;1.4519638;
41.840647603810275;12.867463196142534;165327535;1.4472196;
41.840698825296855;12.867482921585118;165331554;1.4141312;
41.840743196671966;12.867496227723041;165343549;0.044172086;
41.840706166665136;12.867459989397538;165432554;0.0144667;
41.84072984419509;12.867406404610856;170810578;0.23425959;
41.840713060669664;12.867469854477866;170819570;0.39536473;
41.84073934576093;12.867528976393913;170933590;0.017460138;
41.84071344058693;12.867478315532075;170952578;0.27751064;
41.8406812189979;12.867436138832968;171230561;0.007828044;
41.840692018823425;12.867495346571088;171432530;0.08690282;
41.84073820304644;12.867508068739424;171440598;0.91460943;
41.84078977854894;12.867510720694238;171445575;0.93704647;
41.84083887036123;12.867495476434557;171451575;0.79097587;
41.840884955828294;12.867496514012675;171458569;0.33870557;
41.84085980546803;12.867552318630267;171521575;0.72228247;
41.840845485653496;12.867609878255209;171532589;0.4009537;
41.84079788112487;12.867611661142769;171556573;0.8282025;
41.84075371307517;12.867588193334495;171603589;0.80253255;
41.84072623439219;12.867536179530317;171612608;0.6997792;
41.840771884773446;12.867529698596687;171635562;0.24465816;
41.840801273084786;12.867576061752333;171649583;0.7976037;
41.84081049656698;12.8676396757849;171654577;0.84229547;
41.840783208998886;12.867591311474014;171723584;0.0076338137;
41.84078644121692;12.867528403894424;171812545;0.8030433;
41.840809774925276;12.867587307491553;172025537;0.4057042;
41.84079463151695;12.867528923504816;172107568;0.055050734;
41.84074990944928;12.8675169085918;172151537;0.3327603;
41.84070299779517;12.867514865692023;172231575;1.2856812;
41.84065458525225;12.867503051196056;172234564;1.6141145;
41.84060921031766;12.867480910290398;172244596;1.1269293;
41.8405610491459;12.867505135270086;172248573;1.1732367;
41.84050662745868;12.867526608648806;172252567;1.2263533;
41.84045740057667;12.867540733390474;172257589;1.0909495;
41.840500300533606;12.867560484593378;172313584;0.31058294;
41.84047685591596;12.867615958061114;172337576;0.73522896;
41.84045224992535;12.867676204401137;172341581;1.2638248;
41.84042707644902;12.86772623494451;172345592;1.2260376;
41.84040569750349;12.867793161465295;172349604;1.2422118;
41.840395709398116;12.867861265353403;172353579;1.301029;
41.84039243837764;12.867923443439981;172402575;0.51070553;
41.84036954374714;12.867981579766145;172410532;0.71564776;
41.84034766053692;12.868042877429062;172415579;0.8650823;
41.840324012218495;12.868101757036273;172421592;0.84987915;
41.84030067723436;12.868158571989893;172425565;0.97095585;
41.84027715761848;12.868219688032132;172429599;1.1260709;
41.84025680877392;12.868283180659562;172433552;1.2272722;
41.84023437232042;12.868351286381053;172437562;1.3020272;
41.840217693079175;12.868417955418778;172441573;1.350452;
41.84024823452102;12.868467633998273;172446597;1.3063979;
41.84027654091122;12.868518443198504;172452543;1.1785033;
41.840253961585894;12.868573696701981;172504561;0.28454494;
41.84025743658984;12.868642830714789;172545533;0.24047138;
41.84022374503904;12.868684115930119;172734524;0.0070187286;
41.8402137947239;12.868624088908684;172750547;0.11116603;
41.84024179616734;12.868680668760218;172848489;0.029970512;
41.84022850545311;12.868618180632005;172909525;0.3723264;
41.84021858841051;12.868679454525019;173116551;0.12417254;
41.840255527903146;12.86863600948819;173138547;0.012146092;
41.84025525775636;12.86869673067488;173245532;0.011561123;
41.84028836784342;12.868647788039501;173400571;0.7423507;
41.840337986268;12.868632495879218;173403576;0.99854475;
41.84038656599583;12.868637155069067;173409588;0.38570702;
41.84033483150289;12.868608058975127;173611567;0.4492784;
41.840289809424625;12.868626445804576;173630566;0.13688046;
41.840250253092925;12.868659812786563;173707558;0.1319649;
41.84020574965715;12.868680807766943;173830520;0.19168344;
41.84024622291444;12.868641657675694;173914520;0.2735155;
41.84037731844756;12.868730719012689;174244528;0.5599013;
41.84033468423987;12.868710395893844;174310547;0.019084513;
41.840302970269946;12.868659879526271;174336496;0.18377525;
41.84026152941854;12.86863139639384;174409542;0.29256415;
41.84022202887851;12.868600421829822;174558526;0.3284028;
41.84022828466582;12.868669033083387;174846552;0.6949996;
41.84026976298527;12.86869307317762;174937554;0.056448694;
41.84022365600546;12.868706711863052;175126527;7.0308545E-4;
41.84024720620028;12.868654828895888;175219532;0.038038325;
41.84026274576057;12.868587682243401;175451386;0.14709677;
41.84029119406572;12.868635421460565;175525352;0.053691983;
41.84033091381411;12.868680982337871;175603381;0.39137274;
41.840379837057554;12.86867578826466;175609415;0.5235406;
41.8404268063323;12.86867170358669;175622424;0.52640647;
41.84043198864357;12.868735316567115;175632420;0.8853644;
41.84040788584326;12.868789082159848;175636393;1.0530473;
41.84039945877332;12.868858054071495;175642419;0.6345602;
41.84043082800553;12.868914794881045;175648413;0.7983475;
41.84046772436054;12.868950799970504;175653423;0.78141546;
41.840513405268375;12.868974620972342;175658434;0.84577054;
41.84056219465211;12.869003612444372;175703435;0.9438211;
41.84060821432362;12.869023553719831;175708404;0.97137964;
41.84064865675155;12.869055800017764;175713419;0.9413566;
41.840682409555846;12.869107075941047;175718430;0.95556974;
41.840702310805604;12.869167085667897;175723428;0.9422754;
41.840719579349404;12.869226861382067;175728420;0.95746905;
41.840745703935575;12.869277400316676;175733416;0.9573011;
41.84078438914934;12.86932478956204;175739434;0.9697773;
41.84083193853411;12.86936049870935;175745433;0.9647201;
41.84087852868479;12.869385931819386;175749449;1.0718349;
41.84091421003526;12.869432930220485;175755464;1.0701425;
41.8409509769036;12.869470390295515;175803437;0.985595;
41.840999452124564;12.869499325838056;175809419;1.0059805;
41.8410444864496;12.869523559286;175814439;1.0432467;
41.84109243627365;12.869546427400676;175819426;1.0495017;
41.8411372054384;12.86956980761186;175824436;1.0569236;
41.841189134003635;12.869592551918211;175830437;1.0601332;
41.84123320786816;12.869625910844674;175835439;1.0758218;
41.841277238077375;12.869652264708725;175840465;1.0789326;
41.84132275468075;12.86968099744838;175845428;1.0642861;
41.84136694585663;12.869711607373866;175850429;1.0491616;
41.841414186920034;12.86973183827217;175855428;1.0533733;
41.84145560418204;12.869767226078263;175900399;1.0542794;
41.84148743385674;12.869815734350754;175905440;1.0402209;
41.84152080490154;12.869866279089376;175909427;1.0613708;
41.84154477413299;12.869918051434814;175913437;1.0793705;
41.84155065851317;12.869978181164786;175922443;0.6372315;
41.841496243054564;12.870028253765044;180034428;1.5823506;
41.84142719581304;12.870167054039992;180037417;3.3064876;
41.84140005600665;12.870315913988454;180040421;4.041821;
41.8414225086646;12.87037472803272;180043452;3.7354574;
41.841476646715385;12.870372976966983;180051433;1.6484867;
41.8415436286001;12.870205335343803;180054437;4.3510485;
41.841627482669026;12.869963950973474;180057444;7.5534782;
41.84174239030238;12.869646047724371;180100438;10.471913;
41.84188150585311;12.869282134938404;180103434;11.742011;
41.842034318792145;12.868876211877428;180106432;12.880895;
41.84219076264551;12.868452992920345;180109423;12.721709;
41.842343184500145;12.868049094025944;180112437;12.236208;
41.84249125516044;12.867669166834046;180115448;11.438397;
41.84263295406758;12.867288517451165;180118444;12.038266;
41.84277543270309;12.866915604784579;180121439;11.477342;
41.84292554584635;12.866518180903814;180124427;12.710829;
41.84308797269336;12.866069765954766;180127441;13.918336;
41.84324869089432;12.865637225918837;180130420;12.840139;
41.84339973241842;12.865236916434041;180133437;12.03207;
41.843544997943;12.864845857090764;180136404;12.187866;
41.843688275654706;12.864456068998596;180139453;11.891477;
41.84383755283468;12.864048058421517;180142409;12.980976;
41.843988008603326;12.863624954645358;180145437;12.795622;
41.84413583550477;12.863221624645599;180148424;12.398887;
41.84428845397301;12.862816649039301;180151443;12.736762;
41.8444382062124;12.86240702796859;180154443;12.3075;
41.84458060489372;12.862016975718419;180157436;12.013738;
41.84472110604199;12.861627478018052;180200433;12.221781;
41.84487528569147;12.86120819936625;180203449;13.08683;
41.84502834120704;12.860778642305663;180206423;13.2234;
41.84520041915929;12.860333480030631;180209431;14.42062;
41.84537194070787;12.859869388287931;180212417;13.841118;
41.845533788336034;12.859428943790714;180215449;13.607158;
41.84570068182;12.858975036595014;180218432;14.049426;
41.84586936452245;12.858512108133763;180221400;14.052209;
41.84603575793839;12.858055544082147;180224435;14.408127;
41.84620586856876;12.857598590587646;180227445;14.083566;
41.84637798720568;12.857128124171124;180230438;14.708004;
41.8465463249881;12.85666904782042;180233429;13.84482;
41.84670785032383;12.856221923466213;180236414;13.942304;
41.846878457959164;12.855749658738713;180239425;14.482044;
41.847046836367625;12.855290739808634;180242410;14.096548;
41.847225061238504;12.854817093654704;180245435;15.010251;
41.847405099419035;12.854308505840265;180248426;15.865118;
41.84756637322067;12.853773224207751;180251449;15.8564625;
41.8477109889832;12.853242630555943;180254438;15.489345;
41.84785057529084;12.852724071930872;180257428;15.156216;
41.84799330329309;12.852204710408046;180300444;15.393048;
41.848144993177684;12.851678519311971;180303430;15.681561;
41.84833454162456;12.851159226989237;180306425;16.231056;
41.84859348887515;12.850667859042636;180309427;16.792925;
41.84888352835277;12.850192111869175;180312439;17.010136;
41.8491783087501;12.849711844179327;180315419;17.151012;
41.849477631786314;12.849238465531142;180318431;17.252148;
41.84977314777092;12.848751028410657;180321439;17.79595;
41.85008388750374;12.84825034586302;180324442;18.092192;
41.850387613589376;12.847756411434274;180327421;17.383677;
41.85066879771296;12.847276943499724;180330438;16.791197;
41.85096314028543;12.84680239789979;180333429;16.963795;
41.8512565898689;12.84631950179053;180336425;17.253363;
41.85154921400693;12.845840199891697;180339426;17.150356;
41.85184263267185;12.845367938266842;180342397;16.691683;
41.85212166198126;12.844910117466812;180345432;16.163673;
41.85240477848504;12.844467080796026;180348430;16.570133;
41.85269720775929;12.843981704553258;180351439;17.550629;
41.852955237544585;12.843458556251969;180354426;17.238571;
41.8531892826153;12.842909861708709;180357453;17.609972;
41.85348771383561;12.842411934556175;180400429;17.108633;
41.853777454674315;12.841962236377208;180403438;16.219158;
41.854044102048;12.841528587670656;180406453;15.618975;
41.85431766294872;12.84110550752415;180409436;15.828531;
41.854607100499905;12.840652951678074;180412433;16.384394;
41.854890811497874;12.840185546122074;180415433;16.718699;
41.855181450973944;12.839730407482916;180418432;16.560991;
41.85546830990327;12.839267765485708;180421435;16.232794;
41.85565990455348;12.838719074838501;180424424;16.577421;
41.85577689181705;12.838127288795853;180427427;16.937738;
41.85588889009003;12.837563201766834;180430432;16.213102;
41.85601455647324;12.836996646715166;180433444;16.303812;
41.856126357448005;12.836446260658146;180436409;15.655141;
41.85624108478976;12.835912398263925;180439403;15.347283;
41.856358841740196;12.835366354219449;180442397;15.871199;
41.85654631195804;12.834849730745303;180445453;16.242353;
41.85684383001207;12.83435762837033;180448428;18.008598;
41.85714926025967;12.833855443782936;180451439;17.739243;
41.857450193065766;12.833376988216814;180454450;17.332693;
41.85773707258084;12.832894225975403;180457425;17.186798;
41.858027176192735;12.832408603156905;180500399;17.481844;
41.858320433566405;12.831914864507867;180503428;17.892668;
41.858620503516754;12.83140971930451;180506397;18.0769;
41.85892350770399;12.830911631866876;180509393;17.730295;
41.859224293387626;12.830412204206372;180512424;17.835222;
41.85953917988102;12.829890284647714;180515415;18.808306;
41.85984779865856;12.82938318343839;180518410;17.809765;
41.860149025867706;12.828896098798232;180521441;17.612656;
41.86045045219272;12.828383801421998;180524434;18.434046;
41.86075797610092;12.827842237509273;180527421;19.090115;
41.861050962314486;12.827271277115443;180530408;19.215963;
41.861336715669445;12.826689085612273;180533426;19.260792;
41.86161822756691;12.826106244685542;180536426;19.15544;
41.86189838264453;12.825530690029103;180539426;18.889885;
41.86217180177885;12.824957253779765;180542427;18.73985;
41.86243493696852;12.824384591719644;180545422;18.500885;
41.862686583633455;12.82380956898322;180548414;18.323647;
41.86294535553778;12.823250865336345;180551414;18.17902;
41.86324806468275;12.822743805570633;180554405;17.913036;
41.863556481099785;12.822251790495914;180557423;17.756704;
41.863780096753445;12.82169873987953;180600404;17.49096;
41.86394477583303;12.821100800504231;180603409;17.812834;
41.86414910892157;12.820520569059079;180606407;17.909142;
41.8643706077147;12.81996119608897;180609420;17.607998;
41.86460659560156;12.819422317456548;180612408;17.17917;
41.86491323287629;12.818969828519496;180615409;16.981411;
41.8653037612485;12.81857183718049;180618389;18.585094;
41.86572239951532;12.818152830212387;180621391;19.538473;
41.866151459112196;12.817711512052036;180624441;20.026089;
41.86658409679068;12.817258655706366;180627396;20.512098;
41.86700916496308;12.816770264232662;180630409;20.858356;
41.86744141844457;12.81626666582282;180633419;21.256138;
41.86787003406247;12.815756724100273;180636430;20.92312;
41.86825982665869;12.81528947038184;180639417;18.646168;
41.86862447861173;12.814849384774195;180642427;17.887573;
41.86900140152375;12.814488767896366;180645429;17.056305;
41.86940081768287;12.814222655282176;180648442;15.946176;
41.86974554097025;12.813961758233953;180651421;13.980832;
41.86999503289218;12.813658410518032;180654416;11.720959;
41.870118247865165;12.813292326136153;180657431;11.149222;
41.870105004493226;12.812859282110644;180700413;12.558288;
41.87002202559374;12.812390099947757;180703461;13.3576145;
41.86987590651251;12.811927144911191;180706440;14.045547;
41.86962216797087;12.811522032875104;180709441;14.886096;
41.86932173953882;12.811131241565615;180712440;15.709245;
41.86901872038155;12.81073085815904;180715421;15.516518;
41.86872274446532;12.81036043472135;180718419;15.078571;
41.86847020846837;12.809978392973441;180721415;13.680978;
41.86843183592309;12.809517952499904;180724418;12.301846;
41.868455371130814;12.80910419524726;180727418;10.716645;
41.86833766951919;12.808743338079486;180730419;12.80347;
41.86806743522448;12.808424093394027;180733433;12.797353;
41.86788297858759;12.808074870928996;180736411;8.989935;
41.86789165328872;12.807801586267546;180739415;4.464007;
41.86785983659779;12.807650466837186;180742413;4.73885;
41.86794410401;12.807434895658728;180745417;7.3554277;
41.86806241705071;12.807117392075918;180748425;10.777605;
41.86818704292369;12.806717595311556;180751436;12.661545;
41.86831424159993;12.806238298172511;180754412;14.149648;
41.86845287777966;12.805741881054319;180757428;14.97621;
41.868591845013796;12.805208270839639;180800432;16.149797;
41.86874684264575;12.80463707888162;180803605;17.238075;
41.868906975947326;12.804023686587426;180806629;18.287;
41.86908224887866;12.803406339037048;180809625;18.571949;
41.869262252514744;12.802761948928978;180812652;18.933353;
41.86943984856957;12.802118017267569;180815620;18.903484;
41.86960624795794;12.801484196539455;180818655;18.47061;
41.86975342740399;12.800846821983615;180821643;18.371723;
41.86988315394382;12.800194308708246;180824621;18.8121;
41.86999644720254;12.799521672639735;180827617;19.41969;
41.87011232166357;12.798856313312255;180830628;19.109133;
41.87023506511914;12.798177326425124;180833619;19.03146;
41.87034729258083;12.797535231021422;180836652;17.88032;
41.87047099152742;12.796903169775886;180839636;18.102991;
41.87059309654874;12.796267071738413;180842622;18.475513;
41.87073693714765;12.795601231320438;180845634;19.340797;
41.87087672128119;12.79494749063876;180848647;18.575865;
41.87101410553244;12.794296423632499;180851652;18.760798;
41.871156550731506;12.793649827983877;180854628;18.636347;
41.87129814746458;12.792999933326417;180857625;18.787464;
41.87142531670563;12.792332806732105;180900630;19.1242;
41.87152311727461;12.791656976197986;180903603;19.525179;
41.87161120468686;12.790952219289348;180906634;20.031006;
41.87170248376751;12.790231729830932;180909649;20.262976;
41.87178999826861;12.789512781606042;180912642;20.018513;
41.871870985429695;12.788807708545201;180915638;19.605944;
41.87194575755703;12.78810473391473;180918631;19.608225;
41.87198991609139;12.787381634067087;180921652;20.371763;
41.87200629128452;12.786629522377845;180924631;20.956442;
41.872007903658066;12.785876261550653;180927648;20.57773;
41.872004182409995;12.785145289649103;180930637;19.9663;
41.87201641713143;12.784452425717346;180933652;19.05515;
41.87204774094595;12.78379031795555;180936638;18.081844;
41.87209722581791;12.783153281002228;180939643;17.564941;
41.87215619087856;12.782538200992894;180942640;16.709465;
41.8722169707852;12.781954849889598;180945635;16.064325;
41.872273048376435;12.781389325982346;180948640;15.667429;
41.87231900288891;12.780821056624797;180951661;16.31854;
41.872382560307955;12.780215011781822;180954630;16.91854;
41.87244706338628;12.779594035761216;180957626;17.42301;
41.872504766484035;12.778969600244373;181000626;17.53736;
41.87256282270596;12.778342064392232;181003622;17.399986;
41.87261858814371;12.777722343974446;181006609;17.25123;
41.8726715614494;12.777117495789113;181009639;16.350174;
41.872724689168685;12.77655537044919;181012633;15.339774;
41.872789563103126;12.775995351312615;181015639;15.861481;
41.87285326197528;12.77542170363493;181018619;16.366985;
41.872941319040635;12.774811821988381;181021615;17.466265;
41.873053286031954;12.774175905261991;181024614;18.366238;
41.873163771517476;12.773527876886389;181027630;18.21472;
41.87327580448177;12.772910585033344;181030645;17.235779;
41.8734003546643;12.772330804432313;181033633;16.433172;
41.87353902242221;12.771799716921416;181036621;15.221056;
41.87370721784567;12.77131458319918;181039629;14.596421;
41.87390280584054;12.770858516369847;181042621;14.49724;
41.874146563865494;12.770410332261962;181045611;15.711083;
41.874436687233796;12.769962669005004;181048626;16.78155;
41.87477027161758;12.76951720787808;181051629;17.665083;
41.87511095890803;12.769095776545557;181054604;16.927713;
41.87544367805044;12.768688412712217;181057627;16.66811;
41.87577497683833;12.76827298778023;181100623;17.006401;
41.876118027211305;12.767846587632274;181103620;17.624273;
41.87647038619561;12.767400760671398;181106613;18.128819;
41.87683662917435;12.766945287282772;181109622;18.871101;
41.87723446792104;12.766450799751135;181112630;20.774734;
41.87764470337678;12.765934202184066;181115620;20.772245;
41.87804497446155;12.76542737216653;181118623;20.164824;
41.878441769843825;12.76495067442016;181121617;20.483295;
41.87885339546699;12.764438394887426;181124654;20.421417;
41.879250749094574;12.763946277315618;181127620;19.620573;
41.87962824585261;12.763474318326267;181130630;19.14756;
41.880009741204034;12.762994431624659;181133634;19.408798;
41.88039329459337;12.762508872653003;181136635;19.658333;
41.88078206332079;12.762021659309024;181139626;19.851496;
41.881167030775565;12.761538613145857;181142627;19.122536;
41.8815307500054;12.761084123466484;181145628;18.08035;
41.88188622287006;12.76065227886726;181148633;17.545362;
41.88224210361799;12.760221122238388;181151623;17.879383;
41.88260373924551;12.759785528002677;181154599;18.159761;
41.882971487199306;12.759310501515547;181157618;19.442041;
41.88330954615494;12.758723960266542;181200638;20.993637;
41.88358568502235;12.758035616877113;181203629;22.142979;
41.8837675064531;12.757281992000944;181206628;21.142756;
41.88378156303301;12.756530206961074;181209631;20.759834;
41.88378715213517;12.755775210151521;181212633;20.750282;
41.88379607920046;12.755051280343197;181215620;19.408058;
41.883799979791284;12.754395629617663;181218631;17.551792;
41.88380154709168;12.753767400935375;181221625;17.38337;
41.88380757445346;12.753127020259635;181224638;17.909292;
41.88381306539681;12.752484998580725;181227643;17.535923;
41.88381969364261;12.751858495844871;181230619;17.31643;
41.88382780673685;12.75121623418188;181233642;18.04028;
41.88383777235555;12.750553057642888;181236632;18.449718;
41.88384396716315;12.749883980949118;181239622;18.458946;
41.88384942348595;12.749227131981481;181242627;17.964624;
41.883854791999966;12.748582880596532;181245611;17.814302;
41.88385941019371;12.74792991353829;181248623;18.053415;
41.88386589215173;12.747264696082182;181251660;18.977238;
41.88387171727775;12.746564081045674;181254609;19.839489;
41.88387752763491;12.745828160241306;181257638;20.754963;
41.88388436732555;12.74506939994683;181300615;21.155346;
41.883891948188854;12.744309183631866;181303624;20.676222;
41.883900815646285;12.743567452779985;181306626;20.460524;
41.883906063136635;12.742822218124418;181309631;20.632376;
41.8839112634343;12.742082261873668;181312636;20.281462;
41.88391925289701;12.741369339376567;181315598;19.814713;
41.88392344191107;12.740662449592632;181318629;19.695648;
41.883928061816206;12.740007390205964;181321627;17.111485;
41.88393327113333;12.73943304472679;181324614;15.321681;
41.88393935574098;12.73889398830705;181327637;14.468484;
41.88393356587521;12.7384544839813;181330645;11.231394;
41.8840001998202;12.738078448031983;181333645;10.617792;
41.88401363910629;12.737692446963694;181336641;11.048923;
41.88406575975185;12.737244238058086;181339636;13.267781;
41.8841736736483;12.736748858298915;181342633;14.8315735;
41.884304707092035;12.736191365404267;181345641;16.650269;
41.88445862460537;12.735580045017526;181348653;17.895311;
41.884620732605754;12.734946845136093;181351644;18.7354;
41.884783630823414;12.734313333025929;181354629;18.248262;
41.88493911911082;12.733704119781676;181357641;17.761526;
41.885093045089505;12.733084125979978;181400643;18.145803;
41.885245680880075;12.732462147276738;181403621;18.170864;
41.885397776060756;12.731852414501308;181406638;17.24809;
41.885546608777034;12.731256725167908;181409646;17.542217;
41.88570288732075;12.73063806017537;181412645;18.17494;
41.88585724664814;12.729999346623446;181415600;18.685358;
41.88599220930811;12.729337288696504;181418652;19.016113;
41.88607120334061;12.728677606687388;181421633;18.069002;
41.88610192483325;12.728044179622897;181424638;17.406979;
41.886092029023814;12.727403319586625;181427637;17.997953;
41.88607053269518;12.726732456176643;181430631;18.715693;
41.8860421070788;12.726039435568538;181433632;19.344122;
41.886017330917454;12.725319302065355;181436631;20.23038;
41.88598661737593;12.724569351506572;181439632;20.974981;
41.88595835890855;12.723786123247484;181442646;22.107676;
41.88592898393267;12.72297235959784;181445645;23.05471;
41.88588619108304;12.722138235513523;181448640;23.334908;
41.88585408832196;12.721303361034646;181451623;22.70123;
41.88582503960723;12.720523817741789;181454628;21.1062;
41.885797336193036;12.719764141155965;181457646;20.93987;
41.88576945793971;12.7190139176961;181500610;20.652567;
41.885738033622836;12.718275972075272;181503628;20.434578;
41.88570707887536;12.717544836982324;181506657;20.244154;
41.88567745726018;12.716815547675244;181509636;20.17163;
41.88565211494735;12.716089872332907;181512638;20.265676;
41.88562529436361;12.715349726581723;181515653;20.487135;
41.885602951636024;12.714616197565066;181518637;20.043919;
41.885582019070306;12.713894213414596;181521640;19.983572;
41.885553603152324;12.713167715906016;181524653;20.120848;
41.88553117172321;12.712440607947727;181527633;20.08705;
41.88550601818227;12.711735994425313;181530644;19.192387;
41.88548851177543;12.711034853588853;181533630;19.544117;
41.88550280609768;12.710316413541333;181536640;19.935772;
41.88556863643328;12.709611389781582;181539657;19.362444;
41.885684309917295;12.708936083985506;181542635;19.097189;
41.885839010853125;12.708285909457047;181545624;18.70015;
41.886021803846866;12.70766430216331;181548638;18.357134;
41.886236237596215;12.707062024778656;181551639;18.554903;
41.88646504322972;12.706448753839812;181554636;18.843899;
41.88670209393387;12.70584102344122;181557630;19.210487;
41.886924546251;12.705241645720319;181600614;18.614912;
41.88712725873381;12.704632234799078;181603617;18.853052;
41.88729074932182;12.703970813759222;181606616;19.408258;
41.88740943901587;12.703329474335323;181609629;17.145304;
41.88750178722952;12.702823464470013;181612632;13.082957;
41.88755251037385;12.702493131674052;181615640;7.082553;
41.88757587276746;12.702327510443679;181618637;3.264603;
41.887593077194616;12.70226457868552;181633613;0.0;
41.88760711164458;12.702202826527822;181652633;0.0;
41.88762856192942;12.702060626269853;181655627;4.751336;
41.88765961854616;12.701872986340554;181658626;5.1915355;
41.88768490410453;12.701710451586926;181701626;4.1490164;
41.88770685693201;12.701566955867257;181704638;4.104558;
41.88773372196831;12.701408330546348;181707642;4.6782336;
41.887758905827226;12.701269832678586;181710640;3.3416772;
41.887777118291;12.701162552986087;181713640;2.9578326;
41.88779522004871;12.701101613485736;181734659;0.4858555;
41.88780970839239;12.701028823792926;181802635;0.36366457;
41.88782156505766;12.70096713694506;181805641;2.2585082;
41.88783772042474;12.70086343586852;181808638;3.3760753;
41.887859487063366;12.700720244004138;181811657;4.315263;
41.88788686254551;12.700550630475972;181814637;4.8270736;
41.88791396739479;12.70038563646927;181817643;4.7076015;
41.887945392632076;12.700199712088542;181820639;5.670545;
41.88797718625379;12.700000678996101;181823634;5.383711;
41.88800443968863;12.699833028959018;181826625;4.4748435;
41.88802963162666;12.699671689688893;181829636;4.064181;
41.888050821103135;12.699602930415576;181927659;1.2162068;
41.88806581575588;12.699497875877757;181930652;3.550165;
41.88808887978152;12.69935577374963;181933616;4.1254435;
41.888111869479935;12.699201996695612;181936655;4.3601584;
41.88813790549147;12.699050077716654;181939641;4.5849385;
41.88816228416289;12.698901275197551;181942657;3.8667097;
41.88817988804383;12.69879034240658;181945641;2.7463114;
41.88819450632636;12.698697739299824;181948653;2.7759051;
41.88821217871579;12.698585507352613;181951637;3.2840836;
41.888225243265914;12.698502761214474;181954655;1.6680213;
41.888235843332374;12.69844102676341;181958641;0.9907184;
41.88824966316541;12.698369015862983;182100615;2.2763548;
41.88826861568004;12.698255829895883;182103622;3.5928354;
41.8882900579741;12.698101799847123;182106645;4.2540913;
41.88831815373609;12.697928656596343;182109630;5.2647624;
41.888349241670554;12.697742432146574;182112594;5.058871;
41.88837621213671;12.697587510212864;182115636;4.0403066;
41.88839601669119;12.697467501517753;182118588;3.1604638;
41.88840934917617;12.697378238962507;182121612;1.7530289;
41.888431210207884;12.697325346022955;182208596;0.0;
41.88843994066958;12.697258343966064;182229617;2.6148295;
41.888459568512275;12.697127206213523;182232597;4.0466123;
41.88848754061788;12.69694392346941;182235644;5.6717377;
41.888515798722246;12.696773685728592;182238616;4.3917856;
41.88854461480151;12.696629709778186;182241608;4.1381702;
41.88856567987831;12.696525826146923;182244620;1.7314135;
41.888578142445745;12.696451521262324;182248614;2.4628804;
41.888597872363;12.696338301878562;182251643;3.3439593;
41.88861675167106;12.696229227640732;182254636;3.2224002;
41.888633637659396;12.696120802834203;182257621;2.5595675;
41.88863979715302;12.696028065089061;182404635;1.1713281;
41.8886592562633;12.6959120149171;182407611;4.249186;
41.888754269275005;12.695765430368548;182410641;5.7886214;
41.888967044457644;12.695668752951114;182413625;9.596045;
41.88924642081823;12.69552024900044;182416629;11.581363;
41.88952569955497;12.695376083700392;182419628;10.707054;
41.889786933887905;12.69525135317527;182422601;10.130545;
41.89001414736361;12.695116713910885;182425605;8.226146;
41.89012839682216;12.695069728538886;182428626;2.9183373;
41.89017899758476;12.69511699194585;182432613;3.5683832;
41.89024016196719;12.695329854716018;182435614;7.6002765;
41.89032697901148;12.695661344045138;182438595;11.280354;
41.890398804751555;12.696097612495272;182441629;12.598753;
41.8904388324785;12.69657521609726;182444632;13.017774;
41.890497728973;12.697064643968892;182447652;13.774901;
41.890653003568644;12.697461933034226;182450647;11.146463;
41.8908062982384;12.697818163745954;182453638;11.945139;
41.89094984934948;12.698247095310569;182456644;13.46053;
41.89111184521747;12.69871365039321;182459641;14.500317;
41.89126766550025;12.699186268458453;182502627;14.153126;
41.89143141911601;12.699650559769875;182505629;14.351168;
41.89159735874423;12.700143604258727;182508613;14.783683;
41.89181716127764;12.700581829719317;182511624;14.313399;
41.89213217800021;12.700806645552134;182514630;13.529287;
41.8925000502434;12.700947600739555;182517625;14.052287;
41.89287374609096;12.701128932648018;182520626;14.82982;
41.89325055486335;12.701361287905456;182523628;15.611145;
41.89362697987561;12.701635848506227;182526620;15.661163;
41.89397413431892;12.701914200666474;182529628;14.714261;
41.89430696759414;12.702187356603064;182532635;14.4035635;
41.89462458372766;12.702443221238871;182535621;12.820346;
41.89485022344026;12.702623167598434;182538630;7.5386963;
41.89497766662883;12.702722944249814;182541643;5.409935;
41.89514018068411;12.702755696348866;182544626;7.022126;
41.89535053299875;12.702633983732268;182547630;9.0258255;
41.89558897345011;12.702486321628164;182550628;9.974659;
41.89582988057687;12.702331783814877;182553626;9.820161;
41.8960836545914;12.702169915942891;182556636;10.598583;
41.89635219369999;12.702111674916006;182559646;9.334074;
41.89662143298405;12.702185343330122;182602646;10.461767;
41.896882565869646;12.702246686157759;182605654;9.2878275;
41.897120503152195;12.702248433958614;182608615;8.828869;
41.89738316263589;12.702216603073364;182611630;9.785711;
41.897648970887424;12.702135742005353;182614639;10.314663;
41.89790276458715;12.702018474048579;182617627;9.469073;
41.898114233711084;12.701913677984205;182620637;8.172989;
41.89832427972196;12.701803958777216;182623640;8.375439;
41.898546838648336;12.70169078240436;182626636;9.073096;
41.898787462595934;12.701563539893682;182629632;9.938294;
41.899034715986176;12.701390302649044;182632626;10.6901655;
41.899278854415876;12.701160947677597;182635606;11.121178;
41.899485492778865;12.700877080989603;182638595;10.564279;
41.89965124461095;12.700625603510273;182641607;8.556492;
41.89980649805124;12.7003911914322;182644599;8.388851;
41.89995420214326;12.700185778735378;182647644;7.974971;
41.90011219747163;12.699958976274461;182650657;8.810053;
41.900269704502044;12.699721563181278;182653628;8.7730875;
41.90043916849082;12.699471204125356;182656607;9.647868;
41.90061351189454;12.69920838562885;182659635;9.41824;
41.90077705775649;12.698975468866477;182702665;8.761665;
41.9009427268443;12.698747753629155;182705673;8.857031;
41.90110157844988;12.69851750238469;182708602;8.422935;
41.901238980214146;12.698296070010377;182711627;7.8153133;
41.90139068426087;12.698080874539196;182714634;8.336161;
41.90155474858275;12.697857888153989;182717645;8.691049;
41.90171779262446;12.697625162307654;182720639;8.894517;
41.901884006023906;12.697393479937137;182723625;8.690272;
41.9020437572968;12.697157065308073;182726637;9.054118;
41.902214357351106;12.696905385027367;182729621;9.601757;
41.90238228827443;12.696660898508547;182732628;9.013297;
41.90254994812532;12.696410966197714;182735631;9.6489725;
41.902734528132626;12.69614500189919;182738649;9.981417;
41.90291049128514;12.695887188413726;182741641;9.468121;
41.90308958832105;12.695636958505213;182744637;10.00238;
41.9032705153206;12.69537406456035;182747605;9.372029;
41.90343314148104;12.695135424311065;182750622;8.692986;
41.90358377314507;12.694927182780415;182753658;7.7095995;
41.90372680312719;12.694727885072721;182756627;7.8339853;
41.90387657064179;12.694511701256195;182759636;8.255785;
41.90402901055609;12.694296470980229;182802637;8.155123;
41.90417873517312;12.694073304867047;182805651;8.375816;
41.90434307955201;12.69383886722985;182808645;9.150984;
41.90451337910966;12.693576836530388;182811644;9.884531;
41.904684098974776;12.69332130852159;182814636;9.165676;
41.904847827256006;12.693078137414414;182817638;9.220374;
41.9050256273255;12.692842278814272;182820631;9.127508;
41.90520610783614;12.692658704190977;182823629;8.185567;
41.905380726058034;12.692511214468002;182826596;7.3954906;
41.90554529455961;12.692372597760391;182829625;7.05199;
41.90571376875318;12.692233916946487;182832625;7.297424;
41.90586405934395;12.692108189899304;182835622;6.2713385;
41.90598484965833;12.692002907469192;182838619;4.678279;
41.90608524811712;12.691918938688529;182841630;4.3340135;
41.90618642792429;12.691839617139255;182844621;4.4752545;
41.90628400930822;12.69176684620081;182847639;4.204069;
41.90639229389471;12.691669969830038;182850639;5.218963;
41.90649585517428;12.691585299328123;182853635;4.319192;
41.90658882978707;12.691500277766638;182856673;4.085538;
41.90668155366716;12.691416855039703;182859638;3.5760043;
41.906763981112654;12.691352696078349;182902645;3.8833578;
41.906858185779285;12.691270208789206;182905669;4.6700068;
41.90701064360033;12.691143892355635;182908645;7.4676948;
41.907206440609606;12.690971802130171;182911650;8.810605;
41.90739013820042;12.690822356941148;182914630;7.7033124;
41.90758931444157;12.690650422133475;182917646;9.587988;
41.90783758944161;12.690439888709014;182920638;11.083136;
41.908089036429594;12.690223370555378;182923641;11.096588;
41.908352000936155;12.690001420759122;182926636;11.764329;
41.90863460390826;12.689772297949787;182929644;12.457601;
41.90891174054742;12.689539931353103;182932631;11.574973;
41.90917241729109;12.689325928249762;182935616;11.485313;
41.9094455294085;12.68908661469151;182938629;12.297994;
41.90973873862765;12.688848105487368;182941618;12.983893;
41.91006938550547;12.688622766564732;182944595;14.49702;
41.91043164560961;12.688393025261146;182947641;14.532663;
41.910770759827315;12.688170876559946;182950648;13.486638;
41.91110062600018;12.68796478856387;182953638;13.583802;
41.91142872067963;12.687751654519854;182956639;13.245742;
41.91173751029518;12.687553863276538;182959605;12.410024;
41.912021684233174;12.687369499123593;183002634;10.400694;
41.91226440491265;12.687220373943331;183005643;9.074283;
41.91244331431222;12.687107680197387;183008626;6.7085657;
41.912568543302925;12.687165516586152;183011620;5.1645975;
41.91268343640823;12.687422413751353;183014641;9.533207;
41.91283967109506;12.687774903520904;183017640;12.159569;
41.91300918495013;12.688156815418589;183020616;12.06629;
41.91317495889387;12.688543543345029;183023611;12.316222;
41.913340865493616;12.688934823021789;183026612;12.457667;
41.91349389503877;12.689293092121437;183029616;8.988548;
41.91358133384296;12.689495974989242;183032632;4.9750223;
41.91364852314517;12.689558810257147;183035629;2.9943461;
41.91370148826267;12.68952349983433;183101638;1.6434515;
41.91374560748942;12.689487008838586;183104629;1.2820193;
41.91378871483346;12.689431794608566;183107635;2.222226;
41.9138157514561;12.689325642481508;183127612;1.8000069;
41.91380535244405;12.689251786559188;183130611;1.6053478;
41.913746245611335;12.689232564080624;183152602;0.0;
