41.913639765526625;12.689324689806599;074502302;0.0;
41.913672420433656;12.689256524359367;074734318;0.05095932;
41.91366175294145;12.689320823974384;074850287;0.012642719;
41.913686615435374;12.689268676126389;075052263;0.07330823;
41.91372701782327;12.689341930654534;075303305;0.13612276;
41.91358143366625;12.6892404178295;075400308;0.0049448786;
41.913624335051175;12.689199750942235;075604239;0.0019206802;
41.913550264802;12.689189794573284;075632261;0.20199831;
41.91357253400589;12.689250507046488;075712286;0.5984322;
41.91360550078449;12.689294706705622;075724298;0.22530234;
41.91360338104383;12.689358195136567;075737301;0.61854374;
41.91364521040868;12.689395095437606;075752300;0.011587446;
41.9137754633469;12.689251510459597;075856276;0.0014680758;
41.91361505452075;12.689288509563736;075946296;0.00818078;
41.91359976175743;12.689386173715855;080727310;0.0077351234;
41.9136346478703;12.689340804584265;080832285;0.007426323;
41.91359237717645;12.689245413160515;080930287;0.0025218776;
41.91364151659404;12.689221808070627;081025320;0.005086567;
41.91359003311967;12.689136490911357;081456282;0.33532858;
41.913625053334954;12.689182207565374;081508309;0.2409615;
41.91367664602553;12.689195883048283;081524297;0.34529197;
41.9137373289394;12.689217862168066;081536280;0.22257037;
41.91364555968157;12.689394248601758;081655299;0.28173828;
41.91372443731035;12.6894726018502;081708301;0.7452074;
41.91361676940189;12.689521084176604;081913281;0.22107014;
41.91363791685953;12.689452587735708;081934300;0.2242725;
41.913629838201665;12.689380586804946;082021305;0.2647702;
41.913610272403886;12.689358851710253;092419488;0.15394156;
41.91375747199113;12.689444143363641;092729464;0.0027473865;
41.91376666370554;12.689348388762788;092904443;0.5313415;
41.913719352529355;12.689339207246888;092919436;0.34962282;
41.913673812742516;12.689361916160738;092923444;0.4534493;
41.9136165819851;12.689381474544357;092928438;0.73899573;
41.91357142789377;12.689392141900893;092931423;0.71857953;
41.91352176660718;12.689402160162581;092937438;0.6771776;
41.91346675985522;12.689398544065384;092948434;0.7320483;
41.913620096812;12.689072599501891;093159257;0.33814976;
41.91366968494988;12.689091743175128;093207242;0.14339538;
41.91367175690375;12.689157792664345;093221233;0.45399275;
41.9135332330262;12.689493746374357;093639247;0.20087072;
41.91354233795585;12.689555881942352;093659241;0.011941221;
41.91358124127947;12.689518282498595;093726214;0.29334277;
41.913628394070656;12.689514016789333;093734266;0.07630263;
41.91365560362758;12.689462518033599;093805244;0.30726427;
41.91362284213396;12.689414291539896;093814235;0.090665534;
41.913640710841165;12.689358327547806;093958253;0.024655525;
41.91359085357177;12.689359301316287;094112207;0.8177968;
41.91354918201866;12.689385418401237;094116242;0.86340654;
41.913559736110784;12.689326714386954;094320265;0.0;
41.91341956229985;12.689378656460592;100021213;0.03532423;
41.913471638046595;12.689357797030441;100042283;0.01723529;
41.913520155459494;12.689365860308468;100108249;0.037691332;
41.91356198505286;12.68933781372292;100247258;0.051246833;
41.9136085388228;12.689325864153291;100259243;0.022241386;
41.91356023863367;12.689508658455406;100748244;0.06630718;
41.91353752073184;12.689455910096191;100822253;0.011144515;
41.913554063092754;12.689399409804697;100936282;0.3804224;
41.91430994857698;12.689602301915796;101206245;0.047478694;
41.91426778393414;12.689578177687416;101247263;0.52571285;
41.91424148314692;12.689528311558794;101307269;0.011661749;
41.91421707938591;12.689470412459475;101333253;0.004017621;
41.91420091839423;12.68940996814769;101355221;0.31207934;
41.91415551899503;12.6894197192356;101452278;0.25593182;
41.91414616451024;12.689483006729048;101518240;0.03353918;
41.9140875823593;12.689480005149134;101528276;0.09748127;
41.914041862975;12.689479670261095;101532270;0.055581164;
41.91400100672563;12.689451193273303;101543258;0.061926104;
41.913959057669196;12.689425262657636;101556254;0.2548913;
41.91391930182427;12.689396206982579;101620262;0.016329499;
41.913874841633856;12.689380540586992;101654246;0.12084043;
41.913840883273764;12.68932749699688;101700239;0.02206632;
41.91330577954686;12.689332095904916;101718255;0.0010756062;
41.9135607844297;12.689268488771182;101740251;0.003294787;
41.91352417221503;12.689304971167246;101842245;0.16878504;
41.913554845076085;12.689254658190713;101939260;0.077834584;
41.91357860014986;12.689309333741864;102000250;0.16220517;
41.913623560983886;12.68933148686511;102019246;0.23644602;
41.913665174584004;12.689305065956317;102041228;0.0038489462;
41.9136657561859;12.689373447585297;102051235;0.18749464;
41.913683107663886;12.689313106801858;102115237;0.27999148;
41.91370737162741;12.689365320117652;102506245;0.07073374;
41.91373298761505;12.689419673005071;102529240;0.09757877;
41.91372642474418;12.689356263984427;102742249;0.07291018;
41.913680536098774;12.689319772062614;102931230;0.45512223;
41.913635261149814;12.689310700988258;102951253;0.5254434;
41.91358811919087;12.689322194070613;103012301;0.22070044;
41.91362252459631;12.689362560330423;103100235;0.07989517;
41.91367317071168;12.689354723567298;103110234;0.121147566;
41.91371904964273;12.689355892570074;103143260;0.3479481;
41.913769043067674;12.689358122661725;103151261;0.63058186;
41.913694535879344;12.689026084500506;103713231;0.006683986;
41.91364651979218;12.68903318448876;103739240;0.003714845;
41.91366495940301;12.688974940673363;103747248;0.13053535;
41.91371271597854;12.688956960679594;103817242;0.5131846;
41.91367086647788;12.688993256103533;103838272;0.098430015;
41.913638731303266;12.689037269141835;103902271;0.10144289;
41.91357661572238;12.689067961595981;103924239;0.23111176;
41.9135621956962;12.689125119153653;103927236;0.22013082;
41.913571592200825;12.689184364882719;103943253;0.002222253;
41.91358473173261;12.689249291358003;104009222;0.07936431;
41.91362397533845;12.689284773034858;104025269;0.31866804;
41.91367798624554;12.689267828585619;104031262;0.5699057;
41.91372501532821;12.689270779871052;104037210;0.60141706;
41.91307426216689;12.6899245368346;104116250;0.010620464;
41.91321329098882;12.689979537728313;104132244;0.9240531;
41.91327922598575;12.689917243293266;104135233;0.9352065;
41.91336193484483;12.689890007939479;104138260;0.915376;
41.91341570839541;12.689859635809263;104142230;0.6217126;
41.91346517164838;12.689851872236076;104146232;0.45506805;
41.9135160035369;12.689835874530418;104151235;0.58390945;
41.91355576268027;12.689800880499964;104154249;0.15066843;
41.91360241488282;12.689751724553958;104158244;0.7348254;
41.91365328807947;12.689725041539699;104202216;1.0614645;
41.913664803022904;12.689666631657131;104230272;0.07108231;
41.913680526327845;12.689608292562319;104240269;0.0022103596;
41.91369680046623;12.68954501072878;104300211;0.04998472;
41.91368577240557;12.689482409522357;104319121;0.04693808;
41.91367173833405;12.689418554708707;104331121;0.058208242;
41.91366600446974;12.68935647877223;104416066;0.01182876;
41.91365842877578;12.68929071489701;104524092;0.644286;
41.913674322426374;12.689230960175019;104533099;0.3819047;
41.91368330709864;12.689163247194328;104553090;0.43094772;
41.913581890684036;12.68924271550912;104635100;0.03332143;
41.91353083877882;12.689342011548403;104642133;0.07078315;
41.91349871710821;12.68938922434829;104654080;0.008916145;
41.913549665905016;12.689388553587206;104709076;0.58451587;
41.91359009681516;12.689416580312477;104729125;0.035708528;
41.9136339426285;12.689398731783909;104806152;0.066159554;
41.91358916924713;12.68937002026952;104834092;0.0;
41.913544524670584;12.689354928754843;104852099;0.2534231;
41.913594430998266;12.68935639720839;104929128;0.21327996;
41.91363925390561;12.689364182258805;104945100;0.2255507;
41.91365276056584;12.689306556042048;105030101;0.52446544;
41.913665290487174;12.68924485568912;105051106;0.48033923;
41.91350045349051;12.689313893037236;105324062;0.16828464;
41.913548241615906;12.689299111880091;105330111;0.38919967;
41.91359488417597;12.689283980884838;105415109;0.35946792;
41.91363342834073;12.689249390377038;105423128;0.52438223;
41.913678590116646;12.689223531050203;105431096;0.6949543;
41.913623662895475;12.68920286303734;105640092;0.17499147;
41.91361887721152;12.689265424607344;105713114;0.06372145;
41.91366995729085;12.689261587344708;105846637;0.09680847;
41.91367450557601;12.689322330546783;105930683;0.2642149;
41.91328992575693;12.689424901520315;105954686;0.09802115;
41.913367217651334;12.68958633393956;114332572;0.022884304;
41.91339600493215;12.689535217950663;114341642;0.41124865;
41.913410240009455;12.689453903947909;124736348;0.006564424;
41.91351904025875;12.689350339264557;124944330;0.0025783507;
41.91355163632217;12.689301098839325;125025319;0.1513845;
41.91350814962036;12.68942672292313;125800333;0.35388738;
41.913550639477265;12.689396684139442;125853491;0.003946705;
41.913594808520564;12.689413913639479;125958472;0.17469558;
41.913632368433;12.689377283698628;130029453;0.012931379;
41.913647456329066;12.689438919378002;130051471;0.18883905;
41.913601579905965;12.689420302288786;130111467;0.5821961;
41.913675613114854;12.689454742855904;130125485;0.435955;
41.91342251803458;12.68940178516253;132552491;0.0;
41.91346990539159;12.689391047245248;132652429;0.0;
41.913738775118766;12.689401813181227;145053573;0.010385494;
41.91374815590435;12.689017739768524;145108471;0.27661678;
41.91378894866023;12.689054103396954;145111503;0.45969102;
41.913798497481324;12.689126343873241;145115485;0.6819143;
41.913781556621025;12.689202397118247;145118493;0.051948458;
41.91375313653269;12.689251080075797;145203454;0.09063642;
41.9137894076298;12.689293744876677;145250499;2.001438;
41.91381763668176;12.689375096230995;145253497;2.4844654;
41.913806040704735;12.689435122637562;145308500;0.005633138;
41.913747853562185;12.689460195968916;145318509;2.2316217;
41.91366334934501;12.689518387542808;145321492;3.1009717;
41.913624036240975;12.689548823854626;145324499;2.7231448;
41.913566366152665;12.68952169434461;145329504;2.0897267;
41.91350499163496;12.689355681324413;145332527;2.6695056;
41.91340286997623;12.689110012877304;145335477;8.6925;
41.91326576609948;12.688783018927415;145338509;10.926495;
41.913112658298445;12.68842134643802;145341475;11.2461815;
41.91295839843183;12.688071452809396;145344514;11.039949;
41.91280729397996;12.68773849537165;145347508;10.9256315;
41.912658188176856;12.687401557165341;145350427;10.422649;
41.91256459126651;12.687181441381046;145353450;4.4195833;
41.912542030569156;12.687119564185215;145401507;0.89431846;
41.912521203603674;12.687064159644114;145407445;1.4711488;
41.91242839234526;12.687051361151052;145410430;5.013601;
41.9122636068905;12.687154363042502;145413497;7.3901734;
41.91205907057441;12.687283041922626;145416474;8.661508;
41.9118438747642;12.687412938608826;145419479;8.3741045;
41.91162901582052;12.68755615349593;145422489;9.19862;
41.91138774346103;12.687706904217835;145425474;10.170786;
41.911136308330484;12.687859760447811;145428481;10.607488;
41.91085899991954;12.688043528146945;145431517;11.720204;
41.91056791477912;12.6882464704043;145434441;12.292162;
41.91026804562677;12.688435178612481;145437499;11.923665;
41.90998324434554;12.688616765908343;145440547;11.686749;
41.90968877276441;12.688810112553123;145443455;12.506048;
41.90939278743069;12.689056126521695;145446495;13.0586815;
41.90910638657131;12.68930445400155;145449503;12.469257;
41.9088235803452;12.689550111597107;145452474;12.566502;
41.90854170045788;12.689797966755439;145455516;12.247948;
41.90827416175814;12.690032364744642;145458517;11.798561;
41.907997532685485;12.690261568839281;145501488;12.138165;
41.90772873011071;12.690479960408966;145504481;11.194255;
41.907521239774155;12.690662206940184;145507489;7.999592;
41.90737230166222;12.690788536992923;145510491;5.718093;
41.907252322310384;12.690902411047398;145513486;5.6090765;
41.90710925192153;12.691028848729283;145516434;6.5435643;
41.9069399799446;12.691165431675325;145519484;7.84369;
41.90672741485465;12.691342702208765;145522500;9.814582;
41.90653602671364;12.69150430881268;145525502;6.9397483;
41.90645660279161;12.691567165912511;145528489;2.5964413;
41.90636758458315;12.691640051776954;145531520;4.5038915;
41.906248410030635;12.691739411122583;145534489;4.813183;
41.906123433226604;12.691728839746565;145537512;5.5091567;
41.90600681145917;12.69148895713835;145540489;8.997582;
41.905855040129694;12.691169120578552;145543480;10.765259;
41.905677525272374;12.690802768411022;145546465;12.025649;
41.90550792669902;12.690438620096598;145549492;11.614716;
41.90533665351809;12.690097060420877;145552442;11.131112;
41.905201236107956;12.689849166255494;145555485;6.8717537;
41.90513323105497;12.689707373394544;145558512;3.7030454;
41.90521120123616;12.689617150952458;145601487;4.63544;
41.90537519775889;12.689509471517008;145604493;7.6626906;
41.90559589564276;12.68934019752126;145607495;10.548239;
41.905821156775694;12.689044334969651;145610445;12.176526;
41.90607320187206;12.688693680422372;145613498;14.165375;
41.90634542394215;12.688361007719626;145616500;12.764785;
41.9066635446386;12.688131710343361;145619473;14.695288;
41.90695359621493;12.687735156575407;145622469;15.086482;
41.90714329640507;12.687298223034258;145625490;12.760756;
41.90712250317269;12.686867683965945;145628481;12.599078;
41.90684327242759;12.686520298601069;145631484;14.978004;
41.90647828147943;12.68634210841519;145634480;13.7186985;
41.90619531795078;12.68607305161183;145637476;12.588195;
41.906010158555375;12.6856968520881;145640471;12.254188;
41.90581527087084;12.68533583008012;145643485;12.266307;
41.90562016972945;12.684989668186873;145646528;11.521497;
41.905410963076235;12.684700468108293;145649494;10.467711;
41.905275898763044;12.684492840302378;145652501;6.132802;
41.90523648076294;12.684387616100551;145655498;1.4776479;
41.90520453217617;12.684298339286237;145659516;3.7704947;
41.90503909280265;12.684220961725229;145702485;7.617485;
41.904773843634125;12.684153545387783;145705512;10.821426;
41.90446955835845;12.684072192350895;145708500;11.006495;
41.90418231224538;12.683976682990151;145711497;11.015163;
41.90388845746578;12.6839703345868;145714510;10.80403;
41.90365915192117;12.684120599599042;145717524;8.280729;
41.903512676836606;12.684171773659772;145720510;5.313713;
41.90341039550508;12.683962023176445;145723442;8.334692;
41.90328443320687;12.683630488589255;145726486;10.746753;
41.90314479469533;12.683256501194688;145729512;11.851522;
41.90300482561944;12.68289259501963;145732498;11.001383;
41.902878975397016;12.682550359570671;145735499;10.27729;
41.90275785315948;12.68221691498133;145738483;9.732624;
41.90266337633358;12.681968382240152;145741476;6.7290983;
41.90255357464556;12.681751676803506;145744506;7.631612;
41.902467636314746;12.681491540686421;145747502;7.9320974;
41.90236624632171;12.681203410608726;145750494;9.224312;
41.90224229272652;12.680881412618373;145753519;10.292115;
41.902108322608505;12.680538330579129;145756497;10.853539;
41.901974091290626;12.680169045808842;145759506;11.57028;
41.9018320882305;12.679781863325571;145802481;12.0008545;
41.90169593359563;12.679393136084968;145805483;11.829957;
41.90156035598489;12.679015700708971;145808496;11.305735;
41.90142498975;12.678670446919678;145811494;10.543804;
41.901310032508434;12.678343918633367;145814480;9.562788;
41.90120755669613;12.678090601215455;145817498;6.9920225;
41.90103010242369;12.678044124885814;145820482;7.4054866;
41.90081861599038;12.678167578021613;145823503;8.534477;
41.90059882962534;12.678306495040752;145826467;8.498145;
41.90041687487753;12.678418621542065;145829471;7.6300616;
41.900193224293105;12.678549377716223;145832438;9.682756;
41.8999292722541;12.678713780923658;145835447;11.101395;
41.89965313480785;12.67889055644211;145838455;11.431217;
41.8993526552631;12.67906156354606;145841476;12.29938;
41.89904298578062;12.679250255228823;145844502;12.727719;
41.89872846823279;12.679460175003024;145847484;12.88524;
41.89841969851188;12.679645472703859;145850523;12.286029;
41.89811608528365;12.679832464985507;145853526;12.162861;
41.8978248876511;12.680004212567578;145856492;11.744505;
41.89752737227066;12.680180352626863;145859497;12.302965;
41.89720341970391;12.6803761805727;145902475;13.9167385;
41.896849381863326;12.680604265871954;145905512;14.598447;
41.89648883460764;12.680823362846978;145908495;14.553293;
41.896141992946234;12.681030731220684;145911507;13.758876;
41.89582332339858;12.681231801139663;145914501;12.361676;
41.89556017695287;12.681294413177984;145917492;9.1325865;
41.895428524658904;12.680994365084516;145920475;10.301649;
41.895304031723924;12.680609407293806;145923492;12.585109;
41.89515457303825;12.680166786839205;145926490;13.847469;
41.895012155594934;12.679731287409323;145929482;12.897005;
41.894871519464594;12.679303205474415;145932480;13.166091;
41.89472445499066;12.67887243895811;145935504;12.906823;
41.894577785142005;12.678457379542865;145938480;12.551429;
41.89441819507577;12.678067144134317;145941495;12.080283;
41.89427368752785;12.677681080126712;145944492;11.915813;
41.89414312101426;12.67727749355583;145947487;12.115863;
41.89401941802445;12.67690218651535;145950487;10.872526;
41.89391011930921;12.676572812482165;145953473;9.554562;
41.89383846751328;12.676329534887895;145956474;5.7564135;
41.89394482147962;12.676168762977841;145959482;7.2092953;
41.89417226234829;12.676045196654446;150002486;9.63362;
41.894406020510104;12.675914959211104;150005489;9.094111;
41.89459598018652;12.675805050773922;150008497;6.413124;
41.894690930724636;12.675798980091063;150011492;2.898598;
41.89471812396237;12.67586448592911;150057486;1.0299869;
41.89467042741843;12.675935989383188;150104482;1.8966633;
41.89467680983211;12.676007323833636;150112469;1.0175945;
41.89471320330488;12.676048693827727;150116474;3.5053356;
41.89471964010839;12.676118032064362;150120472;1.2325684;
41.89473972338656;12.676180921834499;150125488;0.87310934;
41.89476490731419;12.676231208316493;150129478;1.2278032;
41.8947688091006;12.676298225269006;150134488;1.2605852;
41.89478420893109;12.676357227400429;150138496;1.2523286;
41.894800893006305;12.676430814222046;150143479;1.3094698;
41.89475669449277;12.676407018646719;150441478;1.0559385;
41.89471104975211;12.676393029474255;150445482;1.1251663;
41.89466936500662;12.67636512556218;150449453;1.1178616;
41.89462602279194;12.676329001945799;150454496;1.1750606;
41.894571612683656;12.676311524989385;150459493;1.2151206;
41.89451837908536;12.676295653319507;150504501;1.1326605;
41.89446748168355;12.676280997859854;150509490;1.152792;
41.89442015163181;12.676264832665376;150514489;1.1260945;
41.894373634207916;12.676237577066365;150519487;1.1114244;
41.89433657215401;12.676199931825028;150524491;1.0773884;
41.894381738085464;12.676212202447577;150936482;1.2744528;
41.89443373874251;12.676246227867528;150940477;1.3881068;
41.8944926972859;12.676269971456643;150944478;1.4159732;
41.894549017386474;12.676305520264291;150948473;1.4371337;
41.89460251550876;12.676337491557767;150952465;1.4438365;
41.89464777416961;12.676360382596755;150955487;1.4416842;
41.894691241594444;12.67637848739325;150958501;1.4430759;
41.894739802757876;12.676395590322441;151001436;1.4400302;
41.89479291966481;12.676415385815247;151005474;1.3721586;
41.89480694957751;12.67647991263589;151103495;0.40382028;
41.894793982786595;12.676541200963534;151111495;1.170237;
41.894740347322944;12.676563191919575;151117508;0.89916044;
41.89477592015702;12.676523434456248;151130481;1.5063162;
41.89482540876577;12.676526453224227;151134482;1.4920473;
41.89485940030863;12.676598657429706;151137473;1.4673842;
41.894838432800476;12.676657037303874;151143493;0.48493156;
41.89481189637727;12.676603927019485;151201487;0.022881968;
41.894773447221795;12.676567062015408;151308449;0.13202146;
41.89472419341023;12.67658598318931;151313476;0.27503544;
41.89467750730371;12.676596995889152;151316486;0.6688959;
41.894635140750516;12.676618221666347;151323479;0.029710375;
41.894595117572955;12.676649935652593;151339492;0.012596235;
41.89455289140249;12.67669055921011;151458441;0.063596286;
41.89452142342929;12.67673402972835;151553399;0.08849317;
41.89457146800987;12.676700439001834;151653439;0.14793423;
41.89459228589581;12.676643591441728;151657433;0.3684767;
41.89463148901622;12.67660115179276;151701484;0.76767224;
41.89466948367585;12.676558599135879;151704489;1.1638447;
41.89470418735645;12.676513884681876;151707495;1.2688794;
41.89475297901889;12.676513533337184;151711491;1.2717799;
41.89478001868104;12.676573234042618;151714492;1.2889818;
41.89482088361736;12.676601093529477;151742495;0.6179855;
41.894808863830704;12.676534606112668;151747513;1.2004625;
41.89475659471264;12.676535130743071;151754491;0.7669136;
41.89470427309505;12.676549179892687;151759491;0.90481544;
41.89465483869706;12.676557852387731;151824487;0.020465309;
41.89463498636969;12.676618741010495;151834457;0.38278356;
41.89462682669304;12.676680760232196;151927441;0.008086125;
41.894595547491754;12.676732397760324;151937430;0.008728321;
41.89459334011736;12.67666599234091;152004454;0.5929558;
41.89461608933257;12.6766007857114;152014524;0.267537;
41.89465436710229;12.676542673568598;152019494;1.0504178;
41.894713541502895;12.67652525632725;152023492;1.0197544;
41.89478093881182;12.676539494990381;152026489;1.0851383;
41.89482529490596;12.676594525867687;152029433;1.0845195;
41.89483596922729;12.676532184582602;152037492;0.6115709;
41.894826953041324;12.676470691709985;152042501;0.38740772;
41.894870526377005;12.676513722829439;152140486;0.9072236;
41.894825004672064;12.676531229914787;152150496;0.28865695;
41.894779111959195;12.67651214225534;152206472;0.022831531;
41.89480789271438;12.676559850623923;152256486;0.44823503;
41.894825779690954;12.67661762335573;152302450;0.018831572;
41.894826231326334;12.676545732158479;152317493;1.3596511;
41.89482976993912;12.676478743254671;152321498;1.2326515;
41.89480028434414;12.676425944616842;152325482;1.2270415;
41.8947588701165;12.67638762792519;152330481;1.1957123;
41.89470129890703;12.676379146985871;152334487;1.4206207;
41.89465059586019;12.676355772018999;152338485;1.392298;
41.89460647980442;12.676316822631273;152342458;1.3913721;
41.89456208120851;12.676270521255184;152346481;1.4006174;
41.894514240727766;12.676240737421818;152350474;1.4116877;
41.894464697493106;12.676222903026533;152354477;1.4194175;
41.89441631361048;12.676227836331764;152358472;1.4228894;
41.89437081614022;12.67624570461624;152402481;1.3838029;
41.89433657315113;12.676205190479118;152427478;0.21523602;
41.894376979564896;12.676244746446386;152437474;0.70002186;
41.89442243840914;12.676255400688248;152441493;1.3654794;
41.89446942725342;12.67626932298512;152445475;1.4292963;
41.894517280668865;12.676299110875462;152450469;1.3649415;
41.89456574153307;12.676290528030277;152457478;1.1883668;
41.8946121337933;12.676329258824284;152501508;1.2891018;
41.89465901939885;12.676348830262057;152505495;1.3479297;
41.894705591710576;12.676373271969082;152510488;1.2712238;
41.894743273659365;12.67643030436283;152518495;0.6066913;
41.89472293863874;12.676484849166188;152525474;0.40279663;
41.89476200265419;12.676518879183101;152543484;0.068907626;
41.89480526277744;12.676495781865784;152608472;0.0030680548;
41.89484697555301;12.676473026674623;152634434;0.015760228;
41.89481873241957;12.676522623529586;152719497;0.36712626;
41.89479978302452;12.676464944702133;152723484;0.8288167;
41.89477374543662;12.676414581116328;152730487;0.0328753;
41.89478682928062;12.676473138579615;152847438;0.0032333867;
41.89473728108168;12.676454506608003;153057433;0.94194925;
41.894686289334125;12.676417609965362;153100451;1.271253;
41.89463878147669;12.676387294350569;153103439;1.3174757;
41.8945908358929;12.676359957413606;153106921;1.2988344;
41.894545025929034;12.676357481630031;153112933;1.1501538;
41.894491410857164;12.676373647809342;153117954;1.138509;
41.89444606425529;12.676358167553893;153121971;1.1436894;
41.894402938900384;12.676318066424988;153126967;1.1124183;
41.89437245732921;12.676260323109538;153131968;1.1240747;
41.89434275197593;12.676201033113035;153136971;1.1244271;
41.89431640188536;12.676145581053854;153141987;1.1008048;
41.89435170918027;12.676184231649861;153424933;0.014902016;
41.89430586099996;12.67619963868645;153619943;0.28297815;
41.89425598068508;12.676200730130518;153821008;0.5591427;
41.89430191968268;12.676194348992926;153912976;0.2521454;
41.8943340324492;12.676145484881253;154044925;0.15498286;
41.89438552154401;12.67611920849397;154056961;0.6979537;
41.89443292255701;12.676131611699288;154059972;1.2004083;
41.89448103246557;12.676169069242203;154103962;1.3586652;
41.89452090471572;12.676200853362888;154106993;1.3719077;
41.89456093701019;12.676234188544347;154109941;1.3914287;
41.894597826507386;12.67627343173812;154112932;1.4194063;
41.89463759521429;12.676326408488887;154116931;1.4070891;
41.89466429939719;12.676389110124457;154121010;1.3788098;
41.89469435861553;12.67645091527259;154125003;1.3483729;
41.89471846089089;12.676503836513012;154127964;1.3218807;
41.894709266625746;12.67657004070894;154132976;1.2626874;
41.894689916413135;12.676629005075917;154138972;1.1952838;
41.89465690144451;12.676676908035889;154230926;0.14015247;
41.89462213508191;12.676717045424505;154244009;0.1691414;
41.89459216104793;12.676762065422029;154446917;0.013155654;
41.89463191080658;12.676732926387999;154832940;0.0040745675;
41.89467637348376;12.67672223698851;155347988;0.0051532425;
41.89465735408487;12.676776898695223;155609941;0.009705194;
41.894686535121544;12.676718346160042;160113974;0.25080863;
41.89471101486697;12.676664726741397;160116956;0.29861873;
41.894733615697646;12.676607933913928;160119955;0.47846726;
41.89478382505345;12.67655688998021;160123991;1.313517;
41.89482201529736;12.676520170815675;160127999;1.2433469;
41.894846072744635;12.67646189870942;160133957;1.152086;
41.89482323219241;12.676402469993974;160136957;1.1884384;
41.894781842174474;12.67637654418912;160143940;0.5946165;
41.894772355751385;12.676317346690213;160148962;1.0392454;
41.89475034210256;12.676253305038367;160154968;1.2186655;
41.89471060521391;12.67619565828378;160159992;1.2858083;
41.89470069540022;12.676117133013436;160203992;1.3919259;
41.89466696104983;12.67606576248926;160208976;1.3639883;
41.89461333234575;12.676033429823784;160212989;1.3828545;
41.89456299404649;12.676031933018487;160217951;1.3434663;
41.89451844936691;12.676066378469578;160221997;1.315743;
41.894477176717324;12.676101930240412;160225969;1.3029792;
41.89443473550321;12.676124799401247;160229939;1.2917477;
41.894401728050426;12.676171251804636;160730921;0.36711392;
41.89438574058408;12.676112805452812;160743003;0.010778655;
41.894384298275625;12.67617537094828;160935928;0.6583555;
41.89438703635887;12.67611513986855;162115881;4.339113E-4;
41.894379051214806;12.676176298948574;162442975;0.027233083;
41.89436222798391;12.676119733391152;162748116;0.1203569;
41.894417399427766;12.676089925775328;162753120;1.0800602;
41.8944603907978;12.676052650544108;162756138;1.2274085;
41.89451151187321;12.676028164251077;162759162;1.2926246;
41.89456769939175;12.676011570602288;162803128;1.3368196;
41.894613239996886;12.67602234895053;162806134;1.346742;
41.89465440517189;12.676054282796352;162811169;1.2717294;
41.894684834071064;12.676113491602662;162816121;1.2496116;
41.89470032276955;12.676185328815116;162821177;1.262448;
41.89472528606062;12.676237950943742;162825170;1.253838;
41.89474698472642;12.676300480588079;162830143;1.2155284;
41.894764692306545;12.676367789927582;162835160;1.1907054;
41.89478856736718;12.676428944374079;162841173;1.1097372;
41.894810125098985;12.676489714737876;162847140;0.6832285;
41.894812807591975;12.676553353074011;162852135;0.8404452;
41.89482345456885;12.676612225179111;162931135;8.289241E-4;
41.894868727356695;12.676597322226174;163512138;0.044360206;
41.894866851495166;12.67653387077734;163549147;0.14804494;
41.894905979057675;12.676502013576982;163812124;2.1989497E-4;
41.89486496437244;12.676527433970088;163919149;0.014611804;
41.8948377371605;12.676575509456452;163947131;0.0014833376;
41.894877256653906;12.676609388090734;164132144;0.15810639;
41.89486421083438;12.676542865505384;164139158;0.72126055;
41.89484006617048;12.676463834030685;164143171;0.91495657;
41.89481300215674;12.676414906864004;164148169;0.8862749;
41.894788794768345;12.676356262979303;164152175;0.92050123;
41.894764699863515;12.676294238672318;164156152;1.0072936;
41.89473529273537;12.676235206982003;164200163;1.0883013;
41.89470724137915;12.676177974016904;164204172;1.1671711;
41.894689561632035;12.676107838279094;164208157;1.2519352;
41.89467637147989;12.676043078220413;164212184;1.2637181;
41.89463412804902;12.6759863309104;164217169;1.2795513;
41.89458897310172;12.675990507518192;164222172;1.2629176;
41.89454640003691;12.676015077111547;164226159;1.2640343;
41.894499763343845;12.676042516917372;164231164;1.2093892;
41.89446199301231;12.676084855543742;164235169;1.1469295;
41.894414988448695;12.676129329588179;164240162;1.1211069;
41.894371942657116;12.676107566729138;164350113;0.03865391;
41.89441371892291;12.676132829775304;164505105;0.25716522;
41.89436715940978;12.676144022515627;164525083;0.015290017;
41.89441167591019;12.676164895756303;164719147;0.013545889;
41.894428848840654;12.676221012091549;164822148;0.00633609;
41.89439469008064;12.676265231126715;164907173;0.96577877;
41.89435588995693;12.676232873860581;164921161;0.2001214;
41.89435507010315;12.67616871950824;165020150;0.008733634;
41.894395298671085;12.67613699941051;165029150;0.3592671;
41.894435909101965;12.676163434348533;165636948;0.5901168;
41.89440662999852;12.676212507927113;165803959;0.007978119;
41.89445959863371;12.676202409667122;165810922;1.3117704;
41.89450924658288;12.676218548706142;165815940;1.4681512;
41.8945547158241;12.676247565518203;165818963;1.4629333;
41.89460185954704;12.67628178445525;165821947;1.4662617;
41.8946467560586;12.676312421783535;165824928;1.4556162;
41.89468932579336;12.676344842563518;165827915;1.4761121;
41.89473082306149;12.676377100755996;165830949;1.4874561;
41.89477386149527;12.676424748714714;165834958;1.4868532;
41.894810273334606;12.676478808116808;165838942;1.4258263;
41.894763771722445;12.676485340406835;165854959;0.009550582;
41.89478693665311;12.676423743873734;170004909;0.6590129;
41.894832635113495;12.676425081983956;170010954;0.46981543;
41.89485566264358;12.676481758891418;170015956;0.6841774;
41.89488723214434;12.676537394137162;170018947;0.4806398;
41.894896220361694;12.67660388903075;170029935;0.0456211;
41.89491576781508;12.676658764792323;170042951;0.40321574;
41.89489028713494;12.676604944225831;170046926;0.59408844;
41.89490542997697;12.676540721767246;170049933;0.7008808;
41.894931586549255;12.676480685867519;170101955;0.027798427;
41.89492499045006;12.676545492962804;170149944;0.03539747;
41.894873349146195;12.676526483238836;170203957;0.4979706;
41.89485177272236;12.676471886162146;170207945;0.9494696;
41.89490050701726;12.676449712501881;170214960;0.40533328;
41.8948945820399;12.676523660062639;170223937;0.2608461;
41.89493499149937;12.676550502934381;170258928;0.017772973;
41.8949666036994;12.676497116491902;170519944;0.9765204;
41.89501331465935;12.676473098591241;170523965;1.0561696;
41.89505640936464;12.676446995202733;170527956;1.0989985;
41.895094762074706;12.676404465338832;170530947;1.1117512;
41.89514776109198;12.67637041214513;170534977;1.1526811;
41.89519110704109;12.676336769104843;170538949;1.0772289;
41.89523933132984;12.676325948073226;170551959;0.016125951;
41.89518829161398;12.676300762444143;170606945;0.44618174;
41.89514045434283;12.67629033782255;170610967;0.5302959;
41.895103313074735;12.676335975208094;170614951;0.047953494;
41.895068109520246;12.67638097658287;170619958;0.02115941;
41.895025059511525;12.67640767318658;170625954;0.30886993;
41.89498458341193;12.676446368835283;170631942;0.34991384;
41.89494144174206;12.676507555370126;170640954;0.92319053;
41.89490168143369;12.67655396506837;170644948;0.82197255;
41.89489886271143;12.676487887430659;170726914;0.38076705;
41.894939753903074;12.676447771550118;170738946;1.0177869;
41.89498779934972;12.676427975113727;170743936;1.0315015;
41.89503941926914;12.67642248494859;170748955;0.9751338;
41.89508572375318;12.676395786851176;170753939;0.979535;
41.89512560928911;12.67634937013264;170800949;0.78322035;
41.89516387309963;12.676310436277687;170805953;0.8121938;
41.895158467506626;12.676371514051265;170812931;0.48806596;
41.895182499098105;12.676427355419031;170823927;0.23531336;
41.89518626847213;12.676361657619344;170829941;0.794554;
41.89513970171253;12.676348897789103;170840932;0.5023864;
41.8951131309596;12.676299684311306;170903937;0.116976626;
41.8950677980001;12.676291147610305;171455896;0.23920716;
41.895094051679614;12.676342720402562;171534915;0.18944186;
41.89514242224928;12.67633569720106;171831912;0.6428244;
41.89509901317717;12.676319650126004;171855907;0.16688834;
41.895076500517916;12.676379106661878;172116893;0.27031633;
41.89503767586411;12.676417775174507;172124892;0.3169185;
41.89500132627288;12.67645627667492;172136919;0.17745198;
41.89494715445854;12.67645050073893;172155912;0.24074762;
41.894912183197874;12.676408592902684;172158955;0.68847007;
41.89487887468439;12.6763662464467;172202950;0.58270586;
41.894843020894584;12.676326839465135;172208940;0.8437667;
41.894812726403764;12.676259401318692;172212954;1.1217213;
41.894787804763496;12.676193142460658;172216907;1.128609;
41.89476450910501;12.676128692220763;172221935;1.1205243;
41.894740450026326;12.67606510707098;172227954;1.0486478;
41.894720161254156;12.676002444369939;172231910;1.0591543;
41.89469572728039;12.675949459807402;172235966;1.0251251;
41.89469104323714;12.675884227392796;172241959;1.0276117;
41.89471810571198;12.675827885974929;172245957;1.2083782;
41.894773716175806;12.67579597400051;172500947;1.9595724;
41.89487838896207;12.675722890164733;172503951;3.8641703;
41.894990973134874;12.67564508715342;172506947;4.500241;
41.89514270446616;12.675535402408373;172509949;4.9168625;
41.89532966908619;12.675410778148715;172512964;8.129704;
41.895482502997645;12.675315746095178;172515960;5.439304;
41.89558803816185;12.675305805358207;172518936;4.108718;
41.89565028073151;12.675497751022741;172521940;6.6039343;
41.89573695561082;12.67576772956151;172524972;8.771473;
41.89584832317505;12.6760895454363;172527955;9.886622;
41.89596159688021;12.676426362049556;172530929;10.315092;
41.89607678923848;12.67677882168802;172533954;10.717526;
41.896198197893945;12.677133807050435;172536946;10.454948;
41.89630581854109;12.67745067614937;172539942;8.703651;
41.89639294227285;12.677682769340883;172542954;7.2822704;
41.896496861813645;12.677969012313882;172545952;9.558621;
41.89660425676855;12.678315745422763;172548943;10.28686;
41.89671992186721;12.678639596157527;172551947;9.741703;
41.89683056323666;12.678961711227448;172554945;9.884387;
41.89693276144825;12.679300472409576;172557938;9.937452;
41.89702862432222;12.679604055211518;172600937;8.691952;
41.897114031638594;12.679874392437364;172603950;7.8759356;
41.89718128549149;12.680125212487095;172606937;7.0713973;
41.897223580989056;12.680275688513222;172609942;3.0672493;
41.89724920047989;12.680342872490343;172618917;1.9109654;
41.89728545564008;12.680383257526156;172622936;2.5805163;
41.897408887009156;12.680343955209045;172625943;5.649213;
41.89758023856996;12.6802369216276;172628914;7.833546;
41.897811523087036;12.680097195415264;172631936;9.706323;
41.89805157474599;12.679946152281378;172634937;9.904213;
41.898302360333986;12.67979447468086;172637935;10.34632;
41.89856655992782;12.679631473567664;172640935;10.895442;
41.89883309910852;12.679464681682969;172643941;10.869953;
41.89910662743786;12.679294787314038;172646951;11.207273;
41.8993811785513;12.6791216540384;172649950;11.294641;
41.89965440821044;12.678955895275125;172652955;10.847221;
41.89990287083857;12.678791640455326;172655962;9.911469;
41.900143875956154;12.678635718158507;172658942;10.069773;
41.900398606177106;12.678476263371461;172701955;10.456899;
41.900650978047025;12.67832083005825;172704953;10.244061;
41.90089016262243;12.678168139235954;172707947;9.532891;
41.901100079018384;12.678095905320955;172710943;7.4407516;
41.90126158924246;12.678212721195832;172713953;7.7243834;
41.90138305442966;12.678517046932685;172716940;10.058083;
41.90150500820928;12.678860063726685;172719937;10.109903;
41.901624465718704;12.679211210431832;172722942;10.4872875;
41.90174771328302;12.67954934501289;172725969;10.189263;
41.90186854763528;12.679888463119031;172728959;10.508741;
41.90200241205401;12.680251622344093;172731908;11.462028;
41.902139755602086;12.680628620327365;172734922;11.3275385;
41.90227380952144;12.680985948582093;172737962;10.830458;
41.902406049192045;12.681337303427043;172740956;11.048158;
41.90254428043822;12.681703250186972;172743949;11.324679;
41.90267655721886;12.682056356360704;172746956;10.239406;
41.90279353638707;12.682379934753573;172749968;9.575278;
41.90290545307708;12.682689168041954;172752972;9.53806;
41.90302472026495;12.682984110026144;172755940;9.269799;
41.903148757218766;12.683298835484772;172758948;10.169932;
41.90328124450513;12.683641182299663;172801949;10.724768;
41.90340357845902;12.68396043308223;172804948;9.395875;
41.90347370012493;12.684154546970497;172807945;3.4294443;
41.903486179121515;12.684220494305501;172822940;2.2162368;
41.90352371611253;12.684266304213454;172827949;3.1272933;
41.90367487517217;12.684181048634485;172830950;6.8231444;
41.903881110285674;12.684029952252507;172833944;9.131222;
41.90414663124179;12.683978196744999;172836941;11.203625;
41.90443533015588;12.684068303487154;172839922;10.908121;
41.90472904269539;12.684160244710998;172842908;10.87219;
41.90498745169411;12.684233728265776;172845943;9.115205;
41.90518616799322;12.684340878305928;172848945;7.676348;
41.90534339659299;12.684591176918465;172851950;9.905306;
41.905544789155705;12.684876410132878;172854938;11.486862;
41.90575392875056;12.68522849196378;172857926;13.215843;
41.905970492723455;12.685642942955129;172900976;13.917097;
41.906162257079096;12.686018256758718;172903964;11.618974;
41.90638090632893;12.686310921936114;172906947;11.530991;
41.90669787653518;12.686460077254056;172909917;12.87736;
41.90700609816075;12.686675864356227;172912945;12.829293;
41.90715809808484;12.687057516241373;172915940;11.781315;
41.90704898321862;12.687477604435774;172918949;12.694846;
41.90683879737488;12.687861545678322;172921961;13.314478;
41.90656426890847;12.68816089270184;172924946;12.946436;
41.906283476591916;12.688377220739763;172927953;11.7077265;
41.906063590162844;12.688678680473226;172930957;11.76275;
41.90583536189307;12.68899269563955;172933933;12.203392;
41.90558976303893;12.689293927772637;172936959;11.763392;
41.90534629673675;12.689482833506393;172939933;9.34023;
41.90520865146066;12.689572010094086;172942953;4.5249233;
41.90510324173036;12.689645647270344;172945944;3.6912918;
41.90516965603384;12.689825764035788;172948936;6.6521955;
41.90531399340273;12.690092505871288;172951939;9.702755;
41.90547157536397;12.690402334157742;172954944;10.286018;
41.90563533639271;12.690729134673289;172957940;10.5174885;
41.905781087023904;12.691004958288486;173000939;8.631857;
41.905894547419415;12.691234149221348;173003945;6.95181;
41.905984326524504;12.691418034472044;173006947;5.55866;
41.90606182108165;12.691570587609423;173009933;4.6778316;
41.906091493329924;12.691632357074939;173012925;0.7293471;
41.90611580886989;12.69168795822722;173019932;1.0783675;
41.90614143308866;12.691756365551637;173022937;1.9400215;
41.90618655163489;12.691811809522529;173032940;1.9406183;
41.906299042428884;12.691756641368622;173035937;5.485954;
41.90643383774351;12.691627229764128;173038923;6.241967;
41.90658432835893;12.691497190133754;173041947;6.6308703;
41.90672980604141;12.691380695478246;173044954;5.7034707;
41.90682877067759;12.691312189937223;173047953;2.9441671;
41.90683448400802;12.691244040984957;173111996;0.37255394;
41.906848500019635;12.691186592259827;173258998;2.7738385;
41.90689326738221;12.691140396836941;173307034;1.2469268;
41.906974507070075;12.691069460443511;173310007;4.5340424;
41.90709764243469;12.69097408014715;173313027;5.7097535;
41.90723812330087;12.690844837542777;173316028;6.1411104;
41.90738528659317;12.690712090297843;173319029;6.8247094;
41.9075669397231;12.690556569;173321989;8.784585;
41.907793896620205;12.69036423829921;173325004;10.414093;
41.908044311956424;12.690155954057138;173328004;10.949133;
41.90829802943613;12.689943504966843;173331016;11.129571;
41.908545967666306;12.689746325575129;173334036;10.137331;
41.90876257679337;12.689573276871613;173337027;8.913842;
41.90895451737067;12.689410342727996;173340039;7.995546;
41.90907673817706;12.689314351287926;173343056;4.4390335;
41.90917672628068;12.68923675445419;173346046;4.7093663;
41.90932198899829;12.689110552540136;173348987;7.1319804;
41.90947887680996;12.68897624602127;173352002;6.6350813;
41.909627136407;12.688851704663968;173355036;6.365654;
41.90977528035427;12.688747941624865;173358027;6.3899145;
41.90997000105148;12.68862544894903;173401035;8.698463;
41.91019708958412;12.688482469022102;173404012;8.955018;
41.91035298473773;12.688386217654838;173407037;5.476733;
41.910482857775094;12.688295884085553;173410035;5.3752184;
41.9106223832678;12.688200237312236;173413037;6.5122566;
41.91082335877699;12.68806508139539;173416038;9.1963415;
41.91106112769116;12.687914427086595;173419034;9.71522;
41.91125485811249;12.687789360456954;173422038;6.6577115;
41.91141537276596;12.687696531539851;173424990;6.6580734;
41.91161886029502;12.687571657238431;173428033;9.079006;
41.91185820396611;12.687412617634697;173431056;9.934304;
41.91209730508558;12.687261689227757;173434034;9.694778;
41.91231062380629;12.687125480956597;173437031;7.9103365;
41.91246643833818;12.687070724957657;173440019;5.2520823;
41.91257444005461;12.687230251217775;173443027;6.7511463;
41.912692512761296;12.687509315496305;173446049;9.660482;
41.91285362592544;12.687874321997594;173449058;12.296419;
41.9130290026094;12.688268292099636;173452053;12.509026;
41.913199168177115;12.688667486592184;173455018;12.679278;
41.913365539717304;12.689059152705415;173458070;11.835382;
41.91349096244159;12.689350360536771;173501030;7.6653175;
41.91354847953306;12.689478029801457;173504031;2.1737852;
41.91358819932445;12.6895371163061;173511049;2.3652396;
41.91365128345979;12.689515559361084;173514041;1.1620893;
41.913697312319094;12.689505603076633;173537071;2.3524356;
41.9137469322798;12.68946517366807;173540051;1.4649613;
41.91379263367662;12.689415159569101;173543043;2.7149067;
41.91378966599403;12.689319373346601;173546037;2.9037855;
41.913756945905384;12.68924238982315;173549041;1.3072764;
41.913716753806;12.689293602556281;173721999;0.0;
41.91364150791847;12.689250817795273;174425657;0.22629382;
41.9136602391926;12.68919101424964;174441661;0.028661063;
41.91363340325964;12.689239955030907;174444658;0.2879628;
41.9133025649292;12.68979274728386;174601641;0.0;
41.91337331500105;12.689578567348416;174613686;1.8113233;
41.9137015618341;12.689436239695514;174728651;0.0;
41.913631034687825;12.689366489665874;174829677;0.0;
41.91363808223087;12.689265067243253;174959645;0.0;
41.91365923908729;12.68942409581605;180305690;0.0;
41.91361362400348;12.689427927319153;180408682;0.0;
41.91382844596708;12.689362352133543;180603650;0.16074404;
41.91378301190968;12.689365930914427;180623664;0.010945363;
41.91375387539118;12.689316870366433;180640658;0.15186404;
41.91370704838588;12.689305146771602;180648649;0.7212628;
41.91360000274963;12.689391783750262;180831641;0.241224;
41.91364195553206;12.689316184329437;184030655;0.18067685;
41.91369628054615;12.689400943217032;184112650;3.6105546E-4;
41.91373684993773;12.68916980189615;184438601;0.37838325;
41.913782816827265;12.689173840618315;184551684;0.022284593;
41.913677287581706;12.689355178018468;194241784;0.2781204;
41.91367499877595;12.689417863843572;194247760;0.23020817;
41.9137155267357;12.689446148275556;194343751;0.24965763;
41.91362472734089;12.689365978704641;194443773;6.83188E-4;
41.91356455346996;12.689387015785147;194455769;0.040861573;
41.913606476777794;12.68941151539596;194638762;0.6836327;
41.91363809483355;12.689473900469231;194645752;0.770249;
41.913656198695946;12.689536479628671;194653760;0.7964263;
41.91368158517454;12.68960428251239;194657768;0.7535628;
