41.91322075371689;12.689659304549414;101531033;0.6820442;
41.91368280519246;12.689267331606706;102528017;0.16158631;
41.913679661683496;12.68933171455508;102534049;0.07671278;
41.9136353254349;12.6893472426288;102623072;0.21327676;
41.91359870121524;12.68930838071512;102743108;0.38772225;
41.913627460452275;12.689363118726101;102918099;0.3137779;
41.91367264810409;12.689387086751465;102935072;0.050000556;
41.9136896959971;12.68932852948679;103018098;0.26274943;
41.913694672606645;12.689392203967616;103041108;0.08327065;
41.913674162864865;12.689447999999198;103115068;0.6469901;
41.913645282227954;12.689400148013478;103207113;0.012679713;
41.913643083498926;12.68946065610156;103231107;0.07512936;
41.91367252528667;12.689508089851437;103430104;0.08122842;
41.91370445472337;12.689555373985792;103441095;0.39128202;
41.91368747560964;12.689498919338693;103600103;1.4555002E-4;
41.913307824351655;12.689559411792043;103641085;0.39149138;
41.913349838053136;12.68958412544184;103707078;0.028442;
41.91336585370189;12.689526989482045;103727085;0.057492923;
41.91339885339008;12.689467964277759;103736058;0.50406843;
41.91344472564003;12.689436989101981;103741076;0.703659;
41.91349103694561;12.689419338191863;103746064;0.76264614;
41.91344139537573;12.689408057491136;103820077;0.24920966;
41.91340805518126;12.68945489583911;103936080;0.093131684;
41.91344849588636;12.68941573981546;104012064;0.0;
41.913462614544535;12.689352810423705;104022055;0.22609262;
41.91361711666058;12.689401465490647;110705092;0.06077026;
41.91398529226479;12.689483363883493;110725109;0.0077548535;
41.91371099150811;12.68958024682756;110810066;0.67789054;
41.91371482790717;12.689644151866945;110821072;0.8212988;
41.913761053880314;12.689666508587358;110852088;0.0011312736;
41.91368657893176;12.689386585836326;110915106;0.07377162;
41.91372666006759;12.689345414669589;110927080;0.045632996;
41.91374129513575;12.689285702594889;110946077;0.171223;
41.91369756455631;12.689268270533393;111008083;0.043903228;
41.91364833796606;12.689282520333803;111020082;0.25140134;
41.91376561417084;12.689396874008091;114258407;0.074398965;
41.9137997485367;12.689443364533927;114416418;0.53010535;
41.91384654726609;12.68945108312635;114424409;0.62226456;
41.91382411353202;12.689394661930052;114501393;0.26806164;
41.91391836819233;12.689255787011179;114713413;0.41558746;
41.91386076526303;12.689226000709775;114759382;0.12086944;
41.91379805836685;12.689251411800118;114823396;0.52379984;
41.913608461058914;12.689606977174563;115121421;0.3261349;
41.91363058516766;12.689534525007566;115125448;0.1895869;
41.913660611825215;12.689586006189645;115158429;0.736036;
41.91364014313943;12.689530396068314;115225419;0.30093294;
41.91361236550776;12.689482760474379;115314421;0.12191864;
41.91357928320398;12.689436813647157;115424431;0.002907394;
41.91384787485628;12.689280031646822;115615423;0.14610092;
41.91380671961457;12.68932193327518;115621420;0.017606819;
41.913768887885475;12.689358510546178;115635399;0.23232952;
41.91372277631701;12.68937089037322;115648471;0.09576736;
41.91367802373663;12.689363596267404;115802411;0.0020673238;
41.91352952712309;12.68940373975581;120016433;0.42982295;
41.913581806217344;12.68937826589183;120039437;0.18891422;
41.913614713113816;12.689334011551853;120106434;0.1881339;
41.913660428299906;12.689314097607678;120122437;0.30989602;
41.913777838000335;12.68923056110253;125329566;0.0;
41.91373528046547;12.689295699305559;125358554;0.0;
41.913719541769495;12.689352532295272;125507573;0.25269642;
41.913687989744446;12.689406107218714;125527557;0.32344878;
41.91373196877066;12.689392034656256;125553547;0.005696355;
41.91374418370006;12.689315778027268;125622595;0.3016796;
41.91384740659241;12.689319551001736;125701598;0.5650431;
41.91379189947633;12.689329799897969;125706607;0.6823464;
41.91375334165346;12.689284837966717;125712554;0.16242492;
41.91370854273512;12.689314078358983;125810549;0.48653042;
41.91365105964175;12.689322076248052;125905541;0.0;
41.9136872802549;12.68937379227675;125930552;0.46474028;
41.91371302288751;12.6894249935716;125947543;0.48957562;
41.91368136510653;12.689478258681518;130017567;0.78282475;
41.913666373583716;12.68953882691613;130029553;0.5016148;
41.91369386313921;12.68948183704293;130051539;0.12602852;
41.91370405487683;12.689412213870678;130218568;0.13365488;
41.9137067528348;12.689351818541631;130233580;0.0439819;
41.91373626678764;12.689400239893361;130317555;0.16748725;
41.913784299740506;12.689405314401114;130328550;0.044149503;
41.91373818525858;12.689417370462875;130425549;0.14971453;
41.91361347203428;12.689386945128192;130528542;0.0062481924;
41.913560949092435;12.68914869666393;130623544;0.025640005;
41.913603943290894;12.689265571743723;130725303;7.1405433E-4;
41.91376938364012;12.689307381702903;131223300;0.04265354;
41.91376604199947;12.689246586338191;131234291;0.60641783;
41.913775033019604;12.68917668926635;131243298;0.6713047;
41.913793283612726;12.689121559282084;131248339;0.77902496;
41.913491523441515;12.689502519974342;131332320;0.005058099;
41.91346171244557;12.689297769560264;131358305;0.0042258645;
41.91371509306082;12.689575007055813;131532297;0.0127069885;
41.91360276063347;12.689529994134482;144150324;0.0068682535;
41.91358288328309;12.68945933034555;144155285;0.4342139;
41.91358352149337;12.689395995086231;144205278;0.45236608;
41.91356123886739;12.689342428444716;144218295;1.1405284;
41.91353658300593;12.689290625988258;144223295;1.2704339;
41.91349297098829;12.689272174731355;144229288;0.9774485;
41.913442961686535;12.689265015654795;144233288;1.1091201;
41.91338773420313;12.689277084317249;144237293;1.1690283;
41.91333609117026;12.6892764291914;144241284;1.2248273;
41.91329831464772;12.689309632062226;144331278;0.03570252;
41.91335597027342;12.689319829679764;144349283;1.8208448;
41.91340150498424;12.689262245783365;144354294;1.654222;
41.91340130708216;12.68916696889684;144356282;3.0252929;
41.91338041573774;12.689112378872593;144357242;3.646349;
41.913356010416955;12.689049081447443;144358257;4.2059574;
41.91333146292507;12.688983897642983;144359271;4.619178;
41.913305951981286;12.68891416473875;144400302;6.6043835;
41.9132723869054;12.688832248709968;144401271;7.483559;
41.913236132242666;12.688741817958578;144402262;8.332821;
41.91319633263065;12.688647406822541;144403268;9.095505;
41.91315146822657;12.688544841103656;144404327;9.799602;
41.913107855973315;12.688439599921196;144405251;9.826641;
41.913064314211795;12.688338592746657;144406304;9.644038;
41.91301790733701;12.688235220499886;144407332;9.830517;
41.912973614681526;12.688131325863983;144408283;10.041218;
41.91292677328154;12.688025441143843;144409274;10.389016;
41.91287771778244;12.687915214722253;144410271;10.73602;
41.91282344099208;12.687802193939756;144411239;11.181947;
41.912769686412254;12.687689189385418;144412260;11.393738;
41.91272069225612;12.68757309193307;144413267;11.147649;
41.91267430351464;12.687462153327095;144414252;10.147728;
41.91263205681383;12.68735961268622;144415265;9.628215;
41.912595016563614;12.687265216414518;144416238;8.707993;
41.91256610304908;12.687187704704096;144417254;7.1148386;
41.91254362433794;12.687124127086943;144418252;4.3005424;
41.912529959366196;12.687059983574544;144421258;1.2973701;
41.912486648841636;12.687017781305514;144424248;3.0236285;
41.912393295077244;12.687047203752856;144426335;5.838923;
41.91234249255206;12.68707819616258;144427252;6.1478777;
41.912284715698235;12.687113289826648;144428283;7.054874;
41.91221954986862;12.687153617567361;144429290;8.033957;
41.912146761037114;12.687199777992213;144430286;8.979182;
41.912067839796535;12.68725018875125;144431241;9.732842;
41.911989427355785;12.687300433767597;144432240;9.649918;
41.91191401472011;12.687349662205662;144433229;9.403825;
41.91183679213048;12.687399938730938;144434250;9.629753;
41.91175475491356;12.687454778716164;144435241;10.234585;
41.91167316724473;12.687510989211457;144436241;10.227194;
41.91158845313242;12.687567444943756;144437242;10.649382;
41.91149888026124;12.687625401999634;144438298;11.197916;
41.911404151422616;12.68768637065427;144439281;11.800599;
41.91130434102936;12.687748476536505;144440255;12.375855;
41.91119919083288;12.687812981351584;144441283;12.936016;
41.91109043972747;12.687880907459434;144442260;13.392573;
41.91098047847292;12.687951982211583;144443266;13.63938;
41.91086939362884;12.688025704879824;144444293;13.8036;
41.91075766352264;12.688097925292732;144445262;13.822223;
41.910646834428306;12.688169404504897;144446279;13.662377;
41.91053834113744;12.68824085656453;144447301;13.373467;
41.91043365805195;12.688311219317725;144448297;12.955479;
41.91032974140251;12.688378434155009;144449271;12.891226;
41.91022690274746;12.688445296298744;144450292;12.550537;
41.91012224294796;12.688507742187214;144451286;12.751094;
41.91001631279668;12.68857408690827;144452289;13.00573;
41.90991156342984;12.68864332477139;144453297;13.030971;
41.909808362677076;12.688712038335744;144454255;12.692039;
41.90970814532242;12.688783822258408;144455251;12.650835;
41.909608773928625;12.68885988448367;144456292;12.719507;
41.909509106972365;12.688937303322259;144457311;12.806208;
41.90940866223328;12.689018671128963;144458298;12.877446;
41.909309990048285;12.689104046765877;144459286;13.003514;
41.909211165986676;12.689191306986512;144500301;13.097308;
41.90911015770032;12.689278738171552;144501307;13.301585;
41.90900941541585;12.689364779436481;144502302;13.175714;
41.90891046108242;12.689444414426953;144503268;12.746856;
41.908812696676854;12.689526933695452;144504284;12.743225;
41.908717592363885;12.689611789821559;144505296;12.653106;
41.90862506554261;12.689691603878535;144506308;12.197151;
41.90853186855108;12.689768211774089;144507310;12.068457;
41.908436658042035;12.689841834519905;144508293;12.162902;
41.908339793690004;12.689912514403527;144509280;12.270277;
41.908247529384646;12.689987960233903;144510288;11.982441;
41.908157958826756;12.690061375721516;144511299;11.686898;
41.90806765961358;12.690135034640912;144512288;11.704721;
41.90797882483366;12.690210322117473;144513288;11.641966;
41.90789522518267;12.690285467482102;144514277;11.146401;
41.907815811466634;12.690362065265086;144515295;10.813183;
41.907734772880346;12.690435084344426;144516274;10.7771435;
41.90765347244312;12.69050740678696;144517289;10.826011;
41.90757063716064;12.690578922374225;144518284;10.886715;
41.90748555232578;12.690646391548416;144519292;10.930206;
41.907401688162345;12.690712738301322;144520295;10.685981;
41.907322867665314;12.690780439064497;144521307;10.335504;
41.90724987801986;12.690843848173678;144522295;9.643503;
41.907177267460604;12.690900965987186;144523255;9.327557;
41.90710318860532;12.690965216424495;144524258;9.777786;
41.907024944313086;12.691033047704847;144525283;10.332399;
41.906942377355506;12.691103363489917;144526279;10.890607;
41.90685814024;12.69117457668701;144527298;11.0000305;
41.906779089177945;12.691241073830945;144528269;10.359556;
41.90671205746764;12.691296701513094;144529301;8.711687;
41.90664985409095;12.691350887389975;144530295;8.246671;
41.906582744259175;12.691409571280756;144531290;8.889183;
41.906509887065326;12.691471845025259;144532282;9.6076355;
41.906434119217174;12.691536984225591;144533264;9.995063;
41.906362809065186;12.691598291596204;144534271;9.434026;
41.906300476448884;12.69164927104128;144535336;8.105453;
41.90624851598622;12.691683242026427;144536264;6.4288015;
41.90620644606458;12.691709434594934;144537290;3.8690681;
41.90613845612378;12.69166653277085;144539275;4.8199763;
41.906105582256636;12.691618155052618;144540296;5.9540725;
41.906077819613856;12.691554866242488;144541274;6.019167;
41.90604701782325;12.691487888854176;144542287;6.841845;
41.90600857265863;12.691414572717115;144543260;7.8979597;
41.90596478007203;12.691329228636993;144544237;8.964313;
41.90591546879919;12.691228848194184;144545313;9.778291;
41.90586467015448;12.691120953781216;144546281;10.840232;
41.905810333452784;12.691007217717633;144547294;11.011739;
41.90575215258817;12.690894193326745;144548285;11.099892;
41.90569420684532;12.690779334634152;144549260;11.304683;
41.905634582248766;12.690664435055316;144550281;11.167337;
41.90557435226386;12.690550447578758;144551284;11.321077;
41.90551517226601;12.69043474786708;144552294;11.223022;
41.90545984422165;12.69032346922735;144553291;10.863715;
41.905408807012684;12.690214770459;144554291;10.504849;
41.90535751385877;12.6901107609075;144555305;9.984288;
41.90530870894345;12.690011875955438;144556303;9.414067;
41.90526539890636;12.689925040242745;144557291;7.4985056;
41.905229962498495;12.689850033063234;144558290;7.042353;
41.90520064134475;12.689788608389563;144559285;5.1384907;
41.905155052813186;12.689705919984926;144601282;3.3680005;
41.905161006617476;12.68963937731863;144603267;3.4717855;
41.90522856432718;12.689584562951836;144605277;4.7506795;
41.90526990895902;12.68954782452786;144606299;5.4669333;
41.905322977107964;12.689508393552126;144607253;6.695295;
41.90538160987901;12.689466965387686;144608301;7.3587317;
41.90544870153003;12.689423012687348;144609281;9.232144;
41.905518094563114;12.689364290575256;144610293;9.308499;
41.90559307389882;12.689290769768341;144611282;10.157327;
41.90566423043725;12.689207400005277;144612286;10.466805;
41.90573718209924;12.689111508260613;144613290;11.327304;
41.90581363372422;12.689010553302804;144614281;12.304719;
41.90588848925018;12.688911139857124;144615242;11.713114;
41.90596021030935;12.68881298069074;144616271;11.401137;
41.90602934422634;12.68871717488054;144617281;11.081735;
41.9060974854646;12.688623881704556;144618291;10.869082;
41.90616387517083;12.68853043642968;144619294;10.599503;
41.90622997557073;12.688438806225744;144620289;10.500881;
41.90629373024112;12.688350313252181;144621289;9.871002;
41.90636371079677;12.688277110214713;144622293;9.8179245;
41.90644529960394;12.688213984781456;144623297;10.873701;
41.906535011703795;12.688153376665753;144624280;10.939164;
41.906613439482555;12.688092878146696;144625273;10.119531;
41.90668619428001;12.688028570405757;144626306;9.860315;
41.90675450315489;12.687959608039026;144627291;9.536745;
41.9068257965333;12.687885464014258;144628307;10.431612;
41.90688577940844;12.687788996074453;144629296;10.38615;
41.906946358477285;12.687692618328828;144630277;10.376388;
41.90700013617322;12.687583317417578;144631285;10.823671;
41.907049648364485;12.68747094839229;144632273;10.755716;
41.9070908395948;12.68736247219406;144633275;10.136238;
41.90712746705704;12.687254036377006;144634270;9.850221;
41.907151840694304;12.68713849374647;144635283;9.958992;
41.90716114644926;12.687016854414248;144636293;10.110187;
41.90714201370741;12.686895593945891;144637278;10.252151;
41.907120327625776;12.686772892918444;144638286;10.573283;
41.90705638593142;12.68668028157724;144639284;10.409325;
41.906985365655956;12.686603216210338;144640274;10.0647955;
41.90690927631103;12.686538271003984;144641288;9.935027;
41.90683284154408;12.686474515286513;144642279;9.99007;
41.906746050735315;12.686429705195396;144643281;10.28737;
41.90665571549224;12.686389399166877;144644273;10.505224;
41.90656530947357;12.686349403373118;144645247;10.572647;
41.90647480058137;12.686306105975776;144646302;10.562955;
41.90638755915328;12.68625371752775;144647292;10.601638;
41.906307852958335;12.686186125128762;144648289;10.527556;
41.90623914045796;12.686099604385014;144649291;10.393623;
41.90618471366534;12.685999106044695;144650272;10.24444;
41.906132978164834;12.685897113760788;144651286;10.182167;
41.90608364584331;12.685797763880299;144652302;9.934892;
41.906037804197794;12.685707810764725;144653284;8.996208;
41.905991618730056;12.685619477108252;144654271;8.911628;
41.90594558339312;12.685530733387626;144655285;8.8830805;
41.905898812147164;12.685442626866429;144656270;8.88504;
41.905852191517646;12.685355016983806;144657289;8.870075;
41.90580662235662;12.685269337195903;144658283;8.688547;
41.90576496634955;12.68519136880764;144659278;7.90962;
41.90572248398354;12.685113971282256;144700268;8.028133;
41.905675787827036;12.685034803914789;144701276;8.34937;
41.90562617566214;12.684955520696981;144702297;8.621047;
41.905573052728656;12.684874534972346;144703284;8.891412;
41.90551860852149;12.684792211794655;144704281;9.168633;
41.90545895474819;12.684712175852493;144705293;9.431306;
41.905402233845074;12.684640091404049;144706317;8.682673;
41.90535595468023;12.684577321171195;144707301;7.290045;
41.90532233979563;12.684527683667353;144708296;5.491964;
41.90529186474277;12.68447004903915;144710270;2.3266206;
41.90525959670951;12.684408097757066;144728310;1.5692735;
41.905238407018516;12.68433912551102;144735290;1.2570884;
41.905215558322325;12.684277603813259;144742287;1.8703353;
41.90517425677236;12.684228682271062;144744239;3.8078525;
41.90509344936284;12.684203401710318;144746301;4.9400754;
41.90504574411283;12.684193029792452;144747300;5.1950836;
41.9049946324201;12.684182648714124;144748290;5.4682865;
41.90494260877095;12.684172674621383;144749294;5.6562815;
41.90488902157594;12.6841606048859;144750307;6.133225;
41.90483415083695;12.684146908867334;144751287;6.0762477;
41.904781787363554;12.684133154122849;144752239;5.8167973;
41.90473246849608;12.684119776218195;144753295;5.5028157;
41.90468811777846;12.68410716695816;144754291;4.5249434;
41.90460904718962;12.684080609986328;144756269;4.4955425;
41.904512478621214;12.684052392665446;144758301;5.8357067;
41.90445102792354;12.684034675741675;144759324;6.740445;
41.90438560898955;12.684013204206103;144800245;7.4674335;
41.90431325619156;12.683992004682448;144801247;8.117632;
41.904240126231265;12.683970418747972;144802285;8.193294;
41.90416862110268;12.683951730704395;144803300;7.9937773;
41.90409907995424;12.683934654094633;144804296;7.8126974;
41.90403127337675;12.683924351066942;144805260;7.5551405;
41.90396294952229;12.6839268229408;144806281;7.5299673;
41.903895614641456;12.683946192195664;144807291;7.671272;
41.90382588793464;12.683983381224234;144808271;8.264537;
41.903758087607784;12.684029520750563;144809292;8.392688;
41.90370107366174;12.684077562528998;144810311;7.500981;
41.903658139627765;12.684116349169868;144811294;5.6518764;
41.90360715815067;12.684156166425154;144813297;2.8458421;
41.903545169888446;12.684174461588638;144816292;2.7874043;
41.90348238420682;12.68412852231501;144818286;5.5406446;
41.90345239737365;12.684062311353582;144819290;7.0413795;
41.90342172006527;12.68397935132597;144820289;7.5553246;
41.90338931334263;12.683892603373966;144821309;7.8160596;
41.90335526781813;12.68380058935122;144822284;8.307135;
41.90331818455476;12.683702538512938;144823298;8.90302;
41.9032795112628;12.683598128117827;144824283;9.426274;
41.9032368827191;12.68348820366114;144825290;9.9979;
41.90319324525838;12.68337622848847;144826292;10.468519;
41.90314897265165;12.683261323102853;144827295;10.56365;
41.903105334781024;12.683146127720166;144828291;10.576665;
41.903063263110035;12.68303226573798;144829286;10.281181;
41.903025405592714;12.682929097411296;144830285;9.312434;
41.9029937304748;12.682832112387661;144831282;8.521592;
41.90296181519019;12.682736533582576;144832280;8.5175295;
41.902925047261725;12.682637591332071;144833299;9.056947;
41.90288550267404;12.68253317652588;144834304;9.642637;
41.902842910329085;12.68242227075949;144835295;10.334702;
41.90279991074725;12.6823042163295;144836287;10.84652;
41.90275653120577;12.682185070933642;144837273;11.0000925;
41.90271123955967;12.682061924350416;144838296;11.350083;
41.902663189796236;12.681933165164436;144839290;11.820531;
41.90261344821555;12.681801376544039;144840296;12.1469555;
41.90256248336368;12.681666850370265;144841265;12.381099;
41.90251116901802;12.681530214638695;144842279;12.7764225;
41.90245658883947;12.681390497525058;144843298;13.05478;
41.902400338431676;12.681253055785254;144844298;12.99581;
41.90234526012534;12.681116431053747;144845298;12.790874;
41.9022907674971;12.680979664472853;144846296;12.859599;
41.90223840612992;12.680841970020621;144847269;12.775117;
41.90219110221266;12.680709004237269;144848289;12.1609745;
41.902140104370844;12.680582047351567;144849277;11.894052;
41.902090003794406;12.680454705557622;144850274;11.909606;
41.90204215566464;12.680329715572757;144851272;11.329655;
41.901997379443095;12.680208564423339;144852293;11.192126;
41.90195305596635;12.680093530151856;144853304;10.6433735;
41.90191143781467;12.679982063582612;144854293;9.991355;
41.90187412321633;12.679876527597521;144855297;9.598807;
41.90184045565873;12.679781556855861;144856275;8.649077;
41.90181426278554;12.67970672467558;144857305;4.95614;
41.90179181744343;12.67962990723498;144859293;2.8746648;
41.90176295373474;12.67957293692237;144901248;3.222666;
41.90171428971095;12.679475606243205;144903309;5.2481947;
41.90169406504813;12.679406457446442;144904297;6.12706;
41.90166960067524;12.67932714896266;144905279;7.123072;
41.901641475062746;12.679237113250778;144906291;8.104449;
41.901608075939556;12.679138142518674;144907270;8.983115;
41.90157019393002;12.67903117470243;144908284;9.776604;
41.90153009892631;12.678918655793955;144909291;10.26648;
41.90148468609414;12.678804258298749;144910285;10.678992;
41.9014434345312;12.678690653813014;144911274;10.406411;
41.9014038020583;12.678576172311931;144912284;10.418778;
41.90136250398133;12.678461147711138;144913271;10.521017;
41.90132155773632;12.678349634906033;144914253;10.274699;
41.90128171178899;12.678248012274258;144915278;9.511072;
41.90124382667733;12.678150344314673;144916272;8.698383;
41.90119530556176;12.678077054565522;144917283;8.067406;
41.9011330258129;12.678033402232305;144918278;7.763374;
41.901061410863925;12.6780286845916;144919261;7.9521375;
41.900986603039264;12.67805382276155;144920280;8.574953;
41.900905591496254;12.67809831610707;144921250;9.686589;
41.900818829767395;12.6781523474388;144922255;10.576864;
41.90072744609991;12.67821122078357;144923283;11.196458;
41.90063537899473;12.678270210966792;144924277;11.512086;
41.90054404705964;12.678329885290003;144925281;11.260026;
41.90045468854319;12.678386287951211;144926293;10.915151;
41.90036486846902;12.678440049078906;144927293;10.83783;
41.90027928633329;12.67849003795105;144928279;10.33099;
41.900199123410395;12.678534254309751;144929290;9.633724;
41.900124673249316;12.678578270606689;144930252;8.993673;
41.90005236826016;12.678624407614048;144931284;8.859865;
41.899983445041116;12.678669107975566;144932321;8.43247;
41.899922135611874;12.678707080304513;144933272;7.486482;
41.899877784398264;12.678734673979218;144934313;3.3589652;
41.89982920115189;12.678766967381911;144938249;1.195107;
41.899776697270624;12.678802737063483;144940293;4.0798755;
41.8996947491123;12.67885911102593;144942276;5.335996;
41.899644294865254;12.67888922076192;144943277;6.0612454;
41.89958434363051;12.678927237039261;144944274;7.3539143;
41.899521225191634;12.678973584554313;144945247;7.9996967;
41.89945272653178;12.67902573569095;144946284;8.765103;
41.899376820644626;12.679076936507979;144947263;9.445938;
41.89929174681629;12.67912486573401;144948280;10.3367605;
41.899206093590244;12.679172120317412;144949275;10.235956;
41.89912122170331;12.679219108219089;144950275;10.226426;
41.899034835393316;12.679265142796476;144951290;10.360276;
41.89894705636936;12.679311737983411;144952303;10.568216;
41.898857564751765;12.67936352914411;144953277;11.056635;
41.89876624149915;12.679420454312968;144954286;11.169502;
41.89867463232774;12.679477560859974;144955279;11.281577;
41.89858299195107;12.679532498850662;144956288;11.024752;
41.89848873787458;12.679588625394972;144957284;11.73974;
41.89838999612608;12.679646502179626;144958277;12.081134;
41.89829236781148;12.679704345078694;144959284;11.577303;
41.898195447397214;12.67976492046726;145000263;12.080967;
41.89809858995457;12.679825444850085;145001282;11.6605;
41.898005156685116;12.679879805012753;145002259;11.03408;
41.897914215653906;12.679935454503001;145003288;11.153825;
41.897822744734434;12.67999217006544;145004288;10.97213;
41.89772938494617;12.680045761340905;145005291;11.2740135;
41.89763558291358;12.680098119327738;145006278;10.977533;
41.89754658109157;12.680147023748919;145007281;10.401623;
41.89746305892743;12.680192872503088;145008270;9.936329;
41.89738389544569;12.680238328568601;145009312;9.586442;
41.89731163327105;12.680285508977047;145010269;8.963332;
41.897241414360586;12.680333635113916;145011287;8.830839;
41.89716958119467;12.680380198708864;145012283;8.950314;
41.897095810424524;12.680422899681451;145013268;9.063112;
41.89702112480384;12.680467553455813;145014267;9.059662;
41.89694486138026;12.680528741789079;145015293;9.7352085;
41.896858843180425;12.680584631494154;145016281;10.658598;
41.896762395124455;12.680640866445485;145017285;11.629783;
41.89666095151699;12.680701845177532;145018295;12.335122;
41.896558859145905;12.680764114216606;145019283;12.497377;
41.89645231841625;12.680829019635802;145020280;12.786103;
41.89634506087861;12.680894682056858;145021300;13.029024;
41.89623796116685;12.680959124683543;145022286;13.023794;
41.896134849869746;12.681023313341012;145023275;12.648709;
41.89603388749404;12.681087455840164;145024293;12.368262;
41.895935651187976;12.681145283863188;145025288;11.8657675;
41.89584418517247;12.681199694885201;145026271;11.062887;
41.89575831390867;12.681247955187947;145027258;10.40025;
41.89567748760935;12.681295002472636;145028284;9.058943;
41.895594304967474;12.681306108355855;145029273;9.507524;
41.895518524191225;12.681264466831752;145030267;8.681062;
41.895472076094705;12.68117588108082;145031281;9.0543995;
41.89544186607338;12.68106793934876;145032264;9.487357;
41.89540952396351;12.680956015390494;145033287;9.626187;
41.89537258638505;12.680842000287024;145034265;10.120399;
41.89533612877244;12.680723170953158;145035285;10.519328;
41.895295299891856;12.68060063693916;145036297;11.006319;
41.895251950442585;12.680472031007081;145037283;11.514068;
41.8952081948501;12.680340728808147;145038276;11.851853;
41.895162149712554;12.68020428719432;145039297;12.24804;
41.89511621068529;12.680072467620791;145040272;12.019706;
41.89507229713473;12.679944236897033;145041284;11.492431;
41.8950321263232;12.679822844743605;145042281;10.886563;
41.89499688421463;12.679712897926914;145043284;9.862593;
41.89496567773209;12.679614319982855;145044308;8.807459;
41.89493828756913;12.679529547761968;145045291;7.6146083;
41.894913737125194;12.679457666077798;145046277;6.5068088;
41.894890872469595;12.679390473809317;145047298;6.124126;
41.89486813538555;12.679323816295542;145048281;6.0304565;
41.89484593000074;12.679259585801566;145049273;5.8179;
41.89482334848657;12.679195871668702;145050290;5.8342404;
41.89480093238497;12.679132954904896;145051313;5.7575183;
41.89477898627135;12.679068822327276;145052293;5.830615;
41.89475583380604;12.67900395010997;145053303;5.959796;
41.894732882070336;12.678938222903104;145054301;6.017133;
41.89471079609629;12.678871850138119;145055272;5.9926143;
41.89468776044269;12.678806144295335;145056294;6.00983;
41.89466520389517;12.678741832659425;145057290;5.877936;
41.89464476216927;12.678675976129927;145058294;5.896292;
41.89462162358501;12.678602253003621;145059283;6.6116805;
41.89459472879164;12.678521319770095;145100289;7.2498274;
41.894564248221045;12.678439068575653;145101304;7.558722;
41.89453081329535;12.678355755338073;145102296;7.793459;
41.894493648789364;12.678273933747539;145103291;7.9411063;
41.89445479694526;12.678189053311506;145104281;8.260656;
41.89441676207904;12.678098542621186;145105291;8.569375;
41.89438337843293;12.677996672761036;145106319;9.184349;
41.89434566784169;12.67789639565574;145107288;9.325234;
41.89430540726566;12.677794270832567;145108285;9.549225;
41.89426662536732;12.677687927987082;145109269;9.743563;
41.89422823354454;12.677577281951077;145110290;10.092542;
41.894191337236904;12.67746386261378;145111250;10.214088;
41.89415341705177;12.677353215389068;145112278;10.11898;
41.89411622183209;12.677241977154035;145113314;10.122231;
41.89407901739203;12.677129130458288;145114264;10.200501;
41.8940400948442;12.67701505257488;145115299;10.384991;
41.8940023485173;12.676897871764663;145116293;10.585955;
41.89396433780448;12.676780822658987;145117301;10.605051;
41.89392833551316;12.676666164347617;145118296;10.322609;
41.89389159391041;12.676557176928196;145119298;9.907645;
41.89385778089702;12.676456661372931;145120289;8.314139;
41.89383320230771;12.676376410540524;145121327;7.172783;
41.89382716013468;12.676314915141019;145122275;5.0918975;
41.89385694662953;12.676210740841416;145124298;4.603352;
41.893903042774234;12.676180995765938;145125294;5.6206903;
41.8939600723213;12.676151518719733;145126277;6.7150717;
41.89402544138833;12.676117081216063;145127284;7.7308316;
41.89409776742706;12.676078583742695;145128293;8.543691;
41.89417163779512;12.67603683243675;145129243;8.778227;
41.89424397817342;12.67599387158994;145130282;8.692523;
41.89431117511141;12.675951997086372;145131301;8.199757;
41.89437111403248;12.675910832291915;145132290;7.3971524;
41.894417568072406;12.675872604268102;145133280;6.006342;
41.89445938580021;12.67583930450756;145134294;4.6404943;
41.89452759997072;12.675837680961136;145136268;3.3501701;
41.89457949275352;12.67590646111479;145225286;0.85247576;
41.894626953516116;12.675912566537125;145229292;1.0271226;
41.89465760622915;12.675961225533355;145235298;0.974125;
41.894677964524256;12.676017447499206;145239289;1.4055665;
41.89470569461943;12.676073789220968;145244303;1.2682899;
41.89472292562425;12.676130545002035;145248258;1.2080246;
41.894743811650564;12.676184107616121;145252290;0.9763622;
41.89476088921476;12.676242277846232;145256322;1.1689866;
41.89478317429357;12.676319252121326;145302283;0.96261793;
41.89481081195826;12.676418653605936;145313285;0.0;
41.894778681316836;12.676490463197187;145331279;0.0;
41.894715749156745;12.676521766849325;145338276;1.1637753;
41.89465446180691;12.676552379047964;145341266;1.680269;
41.8945888252097;12.676586884212526;145345287;0.0;
41.89454457038832;12.676622701950821;145348291;1.2740493;
41.89449291175493;12.676663131053965;145352304;0.8378422;
41.894444887359164;12.676693528575289;145356298;0.82847494;
41.89436627834617;12.676730695376413;145407283;0.0;
41.89435182082081;12.676800894212525;145414286;0.8503147;
41.89436544389506;12.676862664903144;145419278;1.1439791;
41.894382501350606;12.676919837442057;145423293;0.8906902;
41.89440437185597;12.676974289659078;145428283;1.0619432;
41.8944303889634;12.677025368613485;145727254;0.14487249;
41.89442792238718;12.676962642530171;145841309;0.008000568;
41.8943823214253;12.676969383395955;145930265;0.2146268;
41.89440446955188;12.677035640584508;150022247;0.46915382;
41.89444046245192;12.677077002061319;150117254;0.35951918;
41.89439797725135;12.677053671217788;150204300;0.74289036;
41.894374393035534;12.676993813123776;150208280;0.95848536;
41.894345455279364;12.67693377235591;150214289;0.85657316;
41.89432266555662;12.6768707827026;150219285;0.87951815;
41.89429445401775;12.676821564016473;150227295;0.7203491;
41.89431327126399;12.676760445762309;150236285;0.86630875;
41.89435079310111;12.6767251093184;150240274;0.91132796;
41.894386914599814;12.676682367645824;150244262;0.94645;
41.89443356071052;12.676649568353854;150248287;1.0069672;
41.89447790970288;12.67663002764169;150252295;1.0382756;
41.89452966111522;12.676616441448498;150257278;0.99692965;
41.89457707144134;12.67661346278736;150301280;1.0722548;
41.89462839109142;12.676602020599864;150306292;1.0610998;
41.894675315850655;12.6765801123668;150311282;0.978433;
41.89472059635319;12.676581826515557;150315287;0.978408;
41.8947708283619;12.676565493774731;150319304;0.99642825;
41.894818496848806;12.676547812820862;150324279;0.94147444;
41.89484235157935;12.676602265268546;150328287;1.0192178;
41.894823688205115;12.676543856460809;150409261;0.52245885;
41.89478344789904;12.676580166578422;150414278;0.68035287;
41.894749955169395;12.676621252594563;150427283;0.021912903;
41.894703990071314;12.676618711172821;150443331;0.0061348528;
41.89467898102476;12.676678771367854;150450291;0.6718798;
41.89465081203493;12.676726257012286;150505279;0.0027090053;
41.89467369020214;12.676780095648772;150521284;0.008945644;
41.89468899583732;12.676712073765993;150556249;0.06463465;
41.894739384403806;12.676658509224241;150600279;1.0095303;
41.89478127007701;12.676634216489994;150603293;1.175703;
41.894829366199076;12.676661229533416;150609246;0.9812556;
41.8948034873137;12.676611622397937;150622300;1.3148077;
41.894761018331664;12.676583938743935;150631283;1.1416011;
41.89470765907359;12.676582970560352;150636282;1.0053096;
41.89465773621113;12.67661583750463;150650319;1.086214;
41.89460980316516;12.676643860125933;150654295;1.0587133;
41.894548005448016;12.676644807249776;150658290;1.1720343;
41.894491959966224;12.676634970965328;150702281;1.2212001;
41.89443389987101;12.676658667875525;150706291;1.3718028;
41.8943841572577;12.67668685986198;150710254;1.4266349;
41.894331064523534;12.676705243877327;150715285;1.4031943;
41.89429012126062;12.676734877099172;150723280;0.7470184;
41.8943255063658;12.676693209181837;151420224;0.44945213;
41.8943661052821;12.67666339436428;151424284;0.47366178;
41.89441691069668;12.676640731006872;151430292;0.76586574;
41.89446461115371;12.676612567473114;151434303;0.8712783;
41.894515595670775;12.676603293100795;151441290;0.7531189;
41.89456444339838;12.676609039762043;151447282;0.49143884;
41.894609517414814;12.67660589715306;151452287;0.6461764;
41.894657796571;12.676588227072967;151457321;0.77270675;
41.894707307278985;12.67658915827653;151502280;0.8881226;
41.89475200504828;12.676565579270742;151508310;0.532612;
41.89481778188142;12.67656542186978;151512281;1.1914442;
41.89484231699823;12.676623275786033;151518270;0.9708614;
41.89481955595278;12.676570063155326;151538294;0.9241152;
41.89485520858225;12.676516656523376;151543285;0.8004104;
41.89489935674276;12.676495585066803;151547280;1.111059;
41.89494541145684;12.67645528516087;151552282;0.9514127;
41.89499359370332;12.676424018319429;151558291;0.8034776;
41.895036283991615;12.676404413277313;151605292;0.22722846;
41.8950773301792;12.676373012113551;151717282;0.18154491;
41.89503005806325;12.676392956460235;151917275;0.57696396;
41.89498940662362;12.676426918220374;151924274;0.6144925;
41.89495309338986;12.676472565115336;151930300;0.69368964;
41.89491028309832;12.67649250211984;151936284;0.4774958;
41.89486086784225;12.676498831872825;151943276;0.30793664;
41.894821218097306;12.676540640696793;152226320;1.0051543;
41.894774792747896;12.676575502590433;152230280;1.0070668;
41.89472943010655;12.676600029766508;152235277;0.05368548;
41.89468258614641;12.676623116586795;152240286;0.820708;
41.894636931388014;12.676650578660082;152244283;0.8800346;
41.89458205403698;12.676639917333617;152248287;0.8389075;
41.89453364971086;12.676614575829817;152252303;0.9073132;
41.894481104082466;12.676639689426448;152258292;1.0136799;
41.89443825185028;12.676666569441196;152302294;1.0582767;
41.89438889800417;12.676689811852683;152306283;1.0793921;
41.89433739903992;12.67670052827386;152312278;0.451081;
41.89429947402808;12.676741750640698;152324291;0.48315328;
41.89428546782296;12.67680428753704;152746247;0.54761165;
41.89429690663846;12.676864773167189;152754285;0.37364516;
41.89433641250094;12.67689959900398;152759274;0.29519796;
41.89431448664121;12.676960112818245;152829275;1.1338012;
41.894275363479174;12.677006882040605;152833260;1.2143484;
41.89422747544037;12.677063645610618;152837274;1.2764127;
41.89419052893826;12.677106027090069;152840284;1.2714059;
41.894147154328955;12.677089138939728;152847285;0.40507266;
41.89416717546466;12.677034758418486;152902288;0.6612572;
41.894209251713185;12.677009664445718;152906284;0.99074733;
41.89425744221661;12.676970495859555;152910291;1.051662;
41.89430448674094;12.676944812530436;152914290;1.0447422;
41.89435046285574;12.67693854036135;153136249;0.052997448;
41.89432020433244;12.6768915402602;153414247;0.2887896;
41.89429411832206;12.676940649758414;154241257;0.012072146;
41.894327441183606;12.676983405019259;154742190;0.24238683;
41.89435742375916;12.677033904803144;154807280;0.43246144;
41.89439000817412;12.677078913715892;154836290;0.04518799;
41.8943709679671;12.677140353258753;154912286;0.7668408;
41.89433335930831;12.677174980052806;154915311;0.964643;
41.89429753299482;12.677131008224132;154924267;0.9485663;
41.8942930081187;12.677066456301864;154929283;1.0632865;
41.89429486310003;12.67699203572712;154934283;1.0137315;
41.89430844937875;12.676928301606395;154940289;0.8810611;
41.89426354924931;12.676921449122666;155507255;0.0011543579;
41.894285797343294;12.676981374090953;155646249;0.3554877;
41.89433788784668;12.6769887181529;155651283;0.7563917;
41.89438584975852;12.676979876767648;155837250;0.2530753;
41.89434477483254;12.677006058194845;155843279;0.35340828;
41.89432371987666;12.6769505657074;160035264;0.01309204;
41.89436127335876;12.676988068815245;160140307;0.76358986;
41.8944043541147;12.67701358745511;160146278;0.77732116;
41.89446374920682;12.677000315297251;160151281;0.8292857;
41.89451276082791;12.676985620646228;160155278;0.88219064;
41.89455833588906;12.67695572260795;160206314;0.5248948;
41.89452036598203;12.676989313905025;160219288;0.52418923;
41.8945555759831;12.676949439178763;160230271;0.37215713;
41.89454419374481;12.677012033963814;160327280;0.44222388;
41.894546686235344;12.676949322215695;160359320;0.003005004;
41.894579949900944;12.676992294612791;160419287;0.6617296;
41.894565690479176;12.676934263604696;160511282;0.08393174;
41.894524721825285;12.676904439561449;160650277;0.41892102;
41.89450209347356;12.676843293488696;160703283;0.88961536;
41.89447233611055;12.676790149063107;160708268;1.0530002;
41.89445520454967;12.676723438058747;160713314;1.1393162;
41.8944988893244;12.67674379677639;160741270;0.6580005;
41.89451057510641;12.676811556869342;161110299;0.9279696;
41.894522795474515;12.676876257913383;161115271;1.0264369;
41.894542303615104;12.676930901359555;161121285;0.9383061;
41.89452476425713;12.676872830974661;161207286;0.8050362;
41.89451524033195;12.67681208370941;161210288;1.4654946;
41.894505454974706;12.676751640617649;161216294;0.3839083;
41.89445195505711;12.676766369321838;161228306;1.0302647;
41.89450195711637;12.676787075639131;161243278;1.1435854;
41.89452086419155;12.676845029459551;161251272;0.5324421;
41.894550550132315;12.676890541889897;161305283;0.032435775;
41.89451267635415;12.676857425126666;161318300;1.2575716;
41.894488184460776;12.6767925303843;161322292;1.184392;
41.89446530460424;12.676726159106352;161326296;1.2712414;
41.894493206262126;12.676773703854153;161423252;0.029052854;
41.89450110605922;12.676707450438876;161517299;0.015272701;
41.89453114800033;12.67675680721282;161524274;0.9220403;
41.89454849538057;12.67682073941415;161535249;0.23657633;
41.894521567808276;12.676876325408958;161539232;0.9589536;
41.89450271368118;12.676937722723919;161544269;0.98704123;
41.89448445767337;12.676995897699651;161549238;0.7194701;
41.89445369380342;12.677039924758484;161556299;0.40090787;
41.89440565359015;12.677057325859712;161642266;0.2731899;
41.8944492275542;12.677029279638479;161917292;1.0572113;
41.89448483979008;12.676982517918061;161920292;1.3680885;
41.8945184671368;12.676931462274947;161924281;1.2351195;
41.894541590241374;12.676877532339645;161928289;0.7106546;
41.89452878149841;12.676950787529902;161944238;0.043529812;
41.8944881719517;12.676989781794534;161946237;0.90509814;
41.894457449369845;12.677038049033436;161950241;0.7075813;
41.89442299317452;12.67707821657575;162009291;0.018524352;
41.894380585688964;12.677028426109187;162322268;1.3117766;
41.894351481752956;12.676964822853895;162324290;1.5006331;
41.89432894600801;12.676910884465416;162327269;1.5409037;
41.8943047931027;12.676846011151016;162331298;1.4121901;
41.894301405642004;12.67678296422006;162337279;0.05186676;
41.89431666093558;12.676859190772776;162630268;0.36662298;
41.89433797629002;12.676923097183128;162634285;0.68220246;
41.8943564667749;12.676985041030816;162637290;1.1244109;
41.894390874961125;12.677033499544043;162642305;0.9196076;
41.894425375425975;12.677074150839974;162918253;0.030178677;
41.894468689257636;12.677047716497324;163200270;0.60024637;
41.89449753432309;12.676997278864482;163204296;0.92738587;
41.89451915169555;12.676935657783138;163210295;0.452446;
41.8945063024203;12.676871254998453;163213298;1.2430797;
41.89448868015473;12.67680986025013;163217294;1.0467954;
41.894523367390434;12.676853379485614;163317284;0.53183395;
41.894563053631266;12.676897481644223;163358272;0.55348724;
41.89451658955359;12.676879572306179;163444284;0.43755698;
41.89453194934273;12.676947133409778;163508322;0.7658928;
41.894504066385785;12.677000263511124;163513286;0.7627903;
41.894463664020435;12.677029746639727;163519289;0.8272558;
41.894431322591416;12.677074552042797;163531287;0.1579771;
41.89440567541275;12.677125700295877;164351267;0.045107927;
41.89441446000372;12.677063765893035;164836245;0.09458145;
41.89440548609907;12.677128004590086;165116292;0.8566399;
41.89434940136994;12.677107945977488;165131293;0.7839149;
41.8943029280968;12.677086503397986;165134243;1.1366361;
41.894245846367745;12.677052620784483;165137285;1.3640549;
41.89419293946436;12.67703225314893;165140290;1.443008;
41.894149971426515;12.677000110694182;165144287;1.3975284;
41.894194042095286;12.677033831898225;165225299;0.40933257;
41.89424140225107;12.677045778101057;165228290;0.9978597;
41.89429606126701;12.67705255986086;165232289;1.0144651;
41.894340248552496;12.677072320819523;165237298;0.95669943;
41.89439209091434;12.677078814249068;165242301;0.872075;
41.894430311790906;12.677111023149852;165259290;0.33334246;
41.894454620395194;12.677049894464755;165333285;0.7866532;
41.894495161971115;12.67702190776574;165336304;1.3815941;
41.89445559437554;12.677061059659664;165347284;0.98670244;
41.89441244528603;12.67709680704358;165406294;0.858086;
41.89441111391225;12.677034986668415;165636262;0.34396005;
41.89438199518697;12.676987660276088;165640282;0.7090944;
41.89435869163308;12.676924633868612;165645288;0.87343067;
41.89433458829978;12.676865791945186;165650288;0.8868437;
41.89431321465946;12.676812517701334;165655270;0.9038219;
41.89433622253087;12.67675192125975;165715305;0.6063396;
41.8943783973368;12.676714861220168;165723286;0.513955;
41.894422779756276;12.676693115218155;165728269;0.5994228;
41.894465596256836;12.676664908640477;165733270;0.6062546;
41.89451461076046;12.676634110338808;165738292;0.7182072;
41.89456019375949;12.676627803476544;165744300;0.40470532;
41.89460417543704;12.67661381695134;165750301;0.026210675;
41.89465282369785;12.676576111644563;165802267;0.61697763;
41.894707374563524;12.676569852059995;165808283;0.7653077;
41.89475502461304;12.676541730746086;165813298;0.8074586;
41.89480083321655;12.676516728563994;165818310;0.78342026;
41.89484649444597;12.676521181460329;165846278;0.015442985;
41.894889420517124;12.676490922058724;165853287;0.6876161;
41.89492896475897;12.676460493882093;165856287;0.97277534;
41.894975800031965;12.676443914952142;165900277;1.0189071;
41.89502394501416;12.676435537651383;165904299;0.97975075;
41.89506785679361;12.676412770970225;165908290;0.95743644;
41.89511545778337;12.676387511928132;165914286;0.6476324;
41.89515832274853;12.676364269322761;165919280;0.054247063;
41.895209317529236;12.676383714102034;165927290;0.7613593;
41.89526435111654;12.676398357054415;165937268;0.1022143;
41.89519353258282;12.676310632865851;165953249;0.38427398;
41.89520098585931;12.676310790491497;170033301;0.29394925;
41.89517753865811;12.67636808965727;170040290;0.45278597;
41.895132419561065;12.676399735000102;170056316;0.68600893;
41.8950870590976;12.676397135705953;170216262;0.2239146;
41.89504233447451;12.676422468372621;170221300;0.96573067;
41.89500068120957;12.67646966068277;170228273;0.72551644;
41.89495250111766;12.676497846639315;170235259;0.7167964;
41.89491093089634;12.676531299123116;170241298;0.6865696;
41.89486837927257;12.676503370803987;170741254;0.013499903;
41.894863891914646;12.676434537109307;170752283;0.5738874;
41.894825992133846;12.676357870352867;170755302;1.0068887;
41.89479541911246;12.67630423630015;170757291;1.120646;
41.89477946859548;12.676243786415299;170801301;1.0067221;
41.89476062456794;12.676184308754905;170805317;0.9384853;
41.894734581969054;12.676127343473896;170809319;0.8993649;
41.89471082058352;12.67606629155222;170813285;0.8648343;
41.89469162299944;12.676004273477101;170818292;0.6917799;
41.894657484908144;12.675963541207835;170825281;0.024332756;
41.89461110499705;12.675966690126772;170832291;0.80197614;
41.89457427357085;12.675924939101188;170939271;0.112400725;
41.89461275894752;12.675857454014222;170945252;2.1672359;
41.894677562587624;12.675816809741733;170947256;3.3203626;
41.89476315115545;12.6757638670616;170949244;4.471368;
41.89481458066139;12.675733764921256;170950246;4.8836846;
41.8948729639691;12.675700115099895;170951260;6.9824944;
41.89493431081808;12.675662351833882;170952285;7.6278915;
41.89500048190224;12.675621115970227;170953267;7.9957094;
41.895067064105696;12.675580867495206;170954263;8.09514;
41.89512989632057;12.675539654987409;170955250;7.8932996;
41.89518925660752;12.675501942708705;170956276;7.2909374;
41.89524595857512;12.67546713715497;170957244;6.8180933;
41.89529781549955;12.675433394211254;170958258;6.3507037;
41.89534739513359;12.675398723571657;170959289;6.238309;
41.89539672257439;12.675362946860671;171000246;6.124857;
41.89544313884491;12.675329618373294;171001288;5.6795845;
41.89548506221961;12.675300417195542;171002300;5.2462206;
41.89556337840766;12.675273637751827;171004287;4.372439;
41.89563131973637;12.675332537132673;171006285;4.818527;
41.89565312207146;12.675397305126495;171007270;6.546604;
41.89567902144178;12.675483838758085;171008300;7.4319067;
41.89570648365742;12.675574534128371;171009258;7.841841;
41.89573958450272;12.675665336165231;171010287;8.683527;
41.89577611697189;12.675761725407183;171011307;9.276326;
41.895812071442904;12.675865266481814;171012250;9.428094;
41.89584416244667;12.675970241119483;171013273;9.385557;
41.89587705560735;12.676076030153734;171014255;9.47536;
41.89590859163166;12.676182491761523;171015258;9.300138;
41.89594085912179;12.676287949141074;171016320;9.388664;
41.8959736220201;12.676393976126988;171017288;9.440955;
41.89600873897521;12.676498407480885;171018300;9.430124;
41.89604505094265;12.676602100911126;171019295;9.482109;
41.89608143911462;12.676707142043933;171020244;9.573178;
41.89611935346993;12.676812200335055;171021296;9.59364;
41.896155598818;12.67691839530734;171022258;9.676501;
41.896192509281256;12.677025678863403;171023280;9.741181;
41.8962349613204;12.677133277782204;171024281;9.997708;
41.89627649351704;12.677246298634826;171025270;10.335779;
41.89631648884792;12.677364291716572;171026284;10.678706;
41.89635640247057;12.677485359612076;171027280;10.887341;
41.89639515915886;12.677604612903767;171028278;10.704786;
41.89643260159228;12.67772710111665;171029278;10.884047;
41.896470632699014;12.677854251743573;171030283;11.209333;
41.896510619289565;12.677977396405108;171031279;11.043278;
41.89654928242109;12.678094928568347;171032309;10.614911;
41.89658692167013;12.678208388889635;171033291;10.257724;
41.89662501841679;12.678321393572537;171034295;10.17555;
41.896660716803;12.678434967621389;171035291;10.111831;
41.89669233067322;12.678550938520695;171036283;10.12056;
41.89672302552571;12.678665224643664;171037287;9.972836;
41.89675370841972;12.678772663191175;171038271;9.550834;
41.8967836819586;12.678875226626332;171039251;8.997198;
41.896813440956294;12.67897250451874;171040275;8.577768;
41.89684402111186;12.679069001206914;171041320;8.552809;
41.896875855152686;12.679168261945927;171042283;8.833561;
41.8969101989229;12.679268345249023;171043288;9.034333;
41.89694509259999;12.679370720767654;171044327;9.2934675;
41.89698043270413;12.679476172310126;171045296;9.561228;
41.89701532938078;12.679584315351867;171046308;9.726463;
41.89704878939416;12.679690454080385;171047292;9.444889;
41.897079627843624;12.679793374953368;171048264;9.133855;
41.89711040736467;12.679893697020853;171049290;8.966259;
41.897134524072605;12.679989843355292;171050288;8.361842;
41.89715691887635;12.680083057198335;171051292;8.048544;
41.89718057978433;12.680165745662649;171052294;7.3185;
41.89720084463666;12.680229744674717;171053271;5.774461;
41.89722762380493;12.680310926583637;171055288;2.5219889;
41.89726984256343;12.680370806617862;171059285;3.417602;
41.89735311461607;12.6803812838858;171101282;4.9284487;
41.89739964776447;12.680369272592053;171102294;5.570296;
41.89745357106849;12.680350283659703;171103287;6.5167418;
41.897519321815025;12.680326274373991;171104288;8.142712;
41.89759447150518;12.680298744608033;171105299;8.920319;
41.897671972454084;12.680248481816262;171106299;9.391544;
41.89775327893534;12.680192562154565;171107277;9.840656;
41.89783810198799;12.68013855896646;171108297;10.165075;
41.89792664141634;12.680078176979848;171109289;10.687188;
41.89801795468384;12.68002143358381;171110254;10.943961;
41.89810966738023;12.679961514918618;171111298;11.061881;
41.89820188621541;12.679901589359636;171112292;11.118504;
41.89829565937418;12.679841123431384;171113286;11.314501;
41.898388586563286;12.67978449874186;171114289;11.112289;
41.898479452657256;12.679726171134728;171115285;10.894857;
41.89856933144341;12.679672832620694;171116308;10.690713;
41.898661175458834;12.679615950357828;171117285;11.441571;
41.89875250658312;12.67956252370554;171118279;10.852962;
41.89883334266147;12.679511102803565;171119288;9.75374;
41.89891125430727;12.679461070839281;171120270;9.118628;
41.898984895658245;12.679413365001126;171121253;8.865177;
41.89906543674705;12.679362461822977;171122311;9.763533;
41.899152895868234;12.679304344891541;171123274;10.740029;
41.89924472756378;12.679238876266078;171124280;11.75932;
41.89934728783594;12.67916932295575;171125291;12.597521;
41.89945294185429;12.67910291039911;171126301;12.894597;
41.89955682954792;12.679041321283403;171127271;12.538918;
41.89965768621335;12.678981356881977;171128274;12.154107;
41.899754403742975;12.678921233457885;171129272;11.771613;
41.899847970826535;12.678860425957037;171130298;11.453903;
41.899940667359765;12.67880029940242;171131293;11.392737;
41.90002971979109;12.678737598110626;171132281;11.0873785;
41.90012137107354;12.678679200324842;171133295;11.261355;
41.90021772841624;12.67862196321819;171134284;11.705154;
41.90031355817119;12.678563826829718;171135251;11.680467;
41.90040881120768;12.678506699255026;171136290;11.575377;
41.90050668219992;12.678447101162773;171137302;11.909939;
41.90060325002529;12.678386082480268;171138294;11.8592205;
41.900697361845026;12.678326188971381;171139302;11.501565;
41.90078805729552;12.678268377584581;171140305;11.120732;
41.90087349754735;12.678215198889795;171141295;10.505552;
41.90095332548644;12.678167098923234;171142271;9.755905;
41.90102509124676;12.678123991910185;171143285;7.721233;
41.90109802480829;12.678122593359296;171144289;8.124583;
41.90116564976444;12.678122588458635;171145311;7.1112394;
41.90122812946792;12.678149598438498;171146284;7.3842463;
41.901291297214364;12.678211487884369;171147300;9.416891;
41.90133170941469;12.678323288241803;171148307;10.094607;
41.90137575967177;12.67844564307284;171149285;11.018769;
41.901426157970775;12.678570063067472;171150272;11.487246;
41.90147358000109;12.67870103312946;171151241;11.936322;
41.90152045041225;12.67883303943034;171152249;11.946262;
41.901578750635814;12.678957019756073;171153257;12.095239;
41.901626714726845;12.679095976749013;171154308;12.505846;
41.90167574453337;12.679235086086974;171155292;12.527809;
41.90172344748952;12.679371318258543;171156241;12.42236;
41.90177296915377;12.679509513169316;171157261;12.56698;
41.901823279833664;12.679651528847048;171158262;12.81747;
41.901875006618695;12.679795015020124;171159254;13.050431;
41.90192610165815;12.67994159454283;171200253;13.0741005;
41.901977521347746;12.680082128659961;171201281;12.836214;
41.90202496400235;12.680222782833976;171202231;12.611994;
41.902076240744115;12.68035941755223;171203248;12.64858;
41.90212534346124;12.680496214979337;171204261;12.39193;
41.902173372653344;12.680629582295518;171205289;12.274732;
41.90222410626336;12.68076495460974;171206267;12.501371;
41.902274879116526;12.680900675254737;171207293;12.564527;
41.9023243413065;12.681035077251707;171208280;12.392938;
41.90237390402563;12.681170389029727;171209294;12.421547;
41.90242477163375;12.681307028263475;171210299;12.622105;
41.90247615488867;12.681446129280301;171211286;12.834622;
41.902527270713115;12.681585772691607;171212289;12.884028;
41.90257873473862;12.681724482079218;171213278;12.816638;
41.90262909397296;12.681859815390249;171214280;12.537982;
41.90267751589551;12.681991608046532;171215268;12.144913;
41.90272456535535;12.682119189184773;171216287;11.802183;
41.90277005720155;12.682244108781957;171217274;11.45827;
41.90281538237394;12.68236693655806;171218305;11.31839;
41.902860258843205;12.682489509636127;171219305;11.192983;
41.9029036081098;12.682611205526102;171220278;11.060882;
41.90294555569632;12.682728976115296;171221296;10.440157;
41.902988638279936;12.682840388825639;171222313;10.345614;
41.90303190924863;12.682950670750925;171223308;10.170604;
41.90307263527873;12.68305690375093;171224253;9.867872;
41.903111579918566;12.683159815131141;171225252;9.580747;
41.90314791555518;12.683258980236252;171226269;9.153879;
41.90318095271354;12.683349094610856;171227298;8.326206;
41.90320908130469;12.683428988393008;171228263;7.3344245;
41.90322991960197;12.683488638411303;171229314;5.453827;
41.90324928111441;12.683547943789609;171232303;0.7660879;
41.90327588956576;12.683641877773034;171256275;3.791848;
41.903298209475864;12.683704244045988;171258283;2.2260616;
41.90332965428356;12.683789769032268;171308284;2.9755878;
41.90335553200101;12.683857602101066;171310274;3.0003595;
41.903376628505185;12.683913942185464;171313293;1.3522108;
41.903398183962565;12.683969975114326;171321288;0.39003918;
41.90342056947015;12.68402785139168;171330312;0.43569025;
41.90344219150628;12.684088812614606;171347262;0.3376217;
41.90346596311596;12.68415403866755;171356311;1.6598905;
41.903490025681144;12.684212858392687;171359278;0.78260875;
41.9035335578055;12.684264602894507;171407287;2.1626792;
41.903603105710545;12.684249927177417;171409301;6.091177;
41.90365803178878;12.684207488085136;171410297;7.1554527;
41.903722496484484;12.684151465447021;171411297;8.145526;
41.90380099651714;12.68410604726734;171412296;9.131838;
41.90388203828204;12.684066826810342;171413279;9.19763;
41.90396646218745;12.684049796407473;171414296;9.162075;
41.904045353517915;12.684046467111104;171415284;8.500329;
41.904116852958225;12.684058823016247;171416294;7.975593;
41.904183605207805;12.684076623865703;171417300;7.486004;
41.90424549887006;12.684093398442792;171418286;6.9951606;
41.90430615130614;12.684110499233467;171419326;6.7272596;
41.9043691069475;12.684127351438672;171420278;7.2782865;
41.904436595646224;12.684146183324843;171421278;7.535538;
41.90450423894678;12.684164413272931;171422277;7.7124434;
41.90456905883556;12.684182220897643;171423298;7.3315973;
41.90463079131555;12.684197980013638;171424271;6.9736066;
41.904691639658516;12.684214251354167;171425279;7.0041714;
41.904755804556416;12.684231888040134;171426300;7.5975947;
41.9048213859552;12.684248725672616;171427270;7.483526;
41.904888478943654;12.684268254755535;171428294;7.6482415;
41.90495550210996;12.684285167925125;171429260;7.5885596;
41.905022714577385;12.684301164976258;171430332;7.5539503;
41.90508747106476;12.684318448872919;171431273;7.262448;
41.90514683765828;12.684336221353263;171432293;6.2858806;
41.90519452312644;12.684377202525756;171433302;6.362087;
41.90523065664961;12.684443404500945;171434254;7.1376762;
41.90526879987822;12.684522931776185;171435317;8.360797;
41.905319107385395;12.684610997693657;171436285;8.996972;
41.905377825789174;12.68469141814939;171437288;9.332127;
41.90544170076377;12.684773358034326;171438284;9.916684;
41.905508347933825;12.684866368238259;171439279;10.756626;
41.90557486358141;12.68497071097084;171440316;11.38915;
41.90564226338318;12.685084523665013;171441289;11.949038;
41.9057112423449;12.685203080676473;171442294;12.535928;
41.905781693095776;12.68533116226386;171443278;13.134287;
41.905853864993794;12.68546380051287;171444283;13.615407;
41.90592697435862;12.685602556390657;171445281;14.047526;
41.905997290841526;12.68573661641459;171446301;13.53099;
41.906061388206695;12.685860854774667;171447294;12.51513;
41.90612085046211;12.685980752499429;171448291;11.871414;
41.9061809255213;12.686102101962275;171449297;12.027836;
41.90625492215536;12.686211208937815;171450267;12.122108;
41.90633144829112;12.686319577096366;171451286;12.468419;
41.90643264036808;12.686380612625012;171452287;12.261752;
41.906538417144226;12.68643216110336;171453294;12.459406;
41.90664855438213;12.686480995887274;171454305;12.801909;
41.90675930686479;12.686528982671922;171455276;12.970813;
41.906868900982005;12.68657821755678;171456252;12.690296;
41.90696557677663;12.686667125110452;171457279;13.002355;
41.90705894676029;12.686754614336147;171458288;12.304257;
41.90712067646671;12.686880674298234;171459292;12.4723425;
41.907178543496165;12.687003623453737;171500312;11.544523;
41.90718927594958;12.687146022624608;171501245;11.695419;
41.907170087663594;12.687288766757776;171502283;11.679125;
41.90712143583523;12.687418393843808;171503270;11.679395;
41.9070726584703;12.687546974872;171504283;11.593818;
41.90701023305615;12.687664053729444;171505270;11.644919;
41.90694795660134;12.687779811412554;171506284;11.273615;
41.906890261621975;12.687890690336287;171507273;10.557639;
41.906814272282965;12.687982419939711;171508280;11.034072;
41.906736173905486;12.688064423710987;171509266;10.645734;
41.906656334460045;12.68813184467446;171510288;10.187814;
41.90657577696985;12.688187883222986;171511252;9.7258415;
41.90649691783431;12.688239717936368;171512282;9.34724;
41.90642315879646;12.688293979447906;171513262;8.940087;
41.90635490254199;12.688349875430493;171514285;8.670969;
41.906295348894545;12.68841633468465;171515305;8.402602;
41.90624102891983;12.688486340907772;171516289;8.248075;
41.90618823753238;12.688557123962168;171517298;8.206834;
41.906133689973096;12.688629311078907;171518283;8.255709;
41.90607931114567;12.688699475031681;171519288;8.293386;
41.906025118979485;12.688771350637454;171520287;8.326063;
41.90597155036111;12.688843493649207;171521278;8.416802;
41.905916372961975;12.688917007687444;171522285;8.45825;
41.90586307924942;12.688991257498701;171523298;8.458572;
41.90580951128197;12.689066381892635;171524295;8.545141;
41.905752875089796;12.689137679714126;171525291;8.607359;
41.90569267797297;12.689208168335307;171526296;8.813499;
41.90563157691723;12.689279486592735;171527274;8.934002;
41.90556625301975;12.68934377158663;171528294;8.94826;
41.90549779101664;12.689400462766907;171529284;8.845229;
41.905429740209314;12.689452515914324;171530288;8.639657;
41.90536349683144;12.689499015075862;171531301;8.196955;
41.905305673731945;12.689538345961855;171532297;6.115125;
41.90526296742933;12.68956342796166;171533313;5.1368012;
41.9052007298102;12.689595947545046;171535280;3.3702273;
41.90514732721096;12.689641593053024;171537261;3.7231245;
41.90513947524396;12.689748873051686;171539286;5.29087;
41.90517076996997;12.689799355473141;171540285;5.7117553;
41.90520766611786;12.689849544750906;171541286;6.0716906;
41.90524573141641;12.689908014823136;171542298;6.883923;
41.905283020371336;12.689984957276298;171543276;7.667258;
41.90532361649347;12.690067672764476;171544297;8.237142;
41.905366770686136;12.69015562644561;171545297;8.764891;
41.90540929471408;12.690241680706869;171546278;8.512165;
41.90545170285966;12.690328649369023;171547288;8.706155;
41.90549541228324;12.69041877278973;171548299;8.950778;
41.90553833754342;12.690506870036298;171549298;8.830446;
41.90558361474693;12.690595648451753;171550285;8.946774;
41.9056294529878;12.690687728811538;171551287;9.187588;
41.90567610880236;12.690784345762369;171552290;9.506956;
41.9057229358191;12.690879221820998;171553293;9.3483095;
41.905773789062366;12.690973732163943;171554305;9.633299;
41.90582206181925;12.69106318719595;171555288;8.660527;
41.90586593516899;12.691146006720578;171556287;8.38372;
41.905900276577945;12.69121374909493;171557284;5.1727185;
41.90593792875292;12.69129176318446;171559296;3.5478313;
41.90597588325804;12.691378367013831;171601274;4.52043;
41.906017083536334;12.69147417479914;171603244;4.5267496;
41.90606079047891;12.69156603132658;171605269;4.5654864;
41.906099734745304;12.69164547383409;171607280;3.6169624;
41.90612862773467;12.691708064466154;171609281;2.642595;
41.906155896820835;12.691766724689272;171612279;1.1641477;
41.90620161501172;12.691807678824144;171618266;3.253267;
41.90627292132774;12.691795377297689;171620295;5.3014507;
41.90631559231939;12.691764157438422;171621270;5.1915483;
41.90636271592163;12.691731395024343;171622285;6.402975;
41.90641148634738;12.69168192208901;171623299;6.7091813;
41.90646113744509;12.691626883049153;171624306;7.2221045;
41.906517671029654;12.69158409508125;171625308;7.0925255;
41.90657428268209;12.691535406703647;171626313;7.3537703;
41.90662982049959;12.691492872444913;171627293;7.0488853;
41.90668173908478;12.691452048522983;171628296;6.555003;
41.906732347557025;12.691410167545822;171629236;6.5550146;
41.90678221150329;12.691366674183254;171630276;6.5977135;
41.90682978605865;12.691325789605546;171631298;6.289002;
41.90687595002552;12.6912904881164;171632278;5.8662534;
41.90691922545983;12.691258134533646;171633299;5.4209547;
41.90696062031415;12.69122498082084;171634276;5.1600385;
41.90700388042952;12.691188337465505;171635289;5.6048746;
41.90704927542424;12.691151842675007;171636294;6.1588006;
41.90709149960437;12.691104307406029;171637278;5.935204;
41.90713551750476;12.691056709761655;171638282;6.1571465;
41.907182126929904;12.69101248956905;171639246;6.119732;
41.90722541037577;12.690971213497368;171640240;5.7800603;
41.90726745987996;12.690931455897688;171641253;5.6169267;
41.9073055137158;12.690895733565744;171642244;4.572939;
41.907366703717855;12.690841647944824;171644238;3.8495302;
41.907425068249715;12.690792881836236;171646249;3.728352;
41.90748088889285;12.69075893362913;171652295;1.560429;
41.907534805959294;12.690713804990851;171654277;4.335778;
41.90757520246221;12.690677748214704;171655294;5.2978225;
41.907619793231675;12.690639573069163;171656281;5.7945375;
41.90767108899359;12.690590858022967;171657309;6.8778634;
41.907730679322235;12.69053645124496;171658279;7.9022937;
41.90779674965958;12.690477444288726;171659292;8.73475;
41.907860352457575;12.690413933827116;171700243;8.781997;
41.90792679067059;12.69035207641863;171701276;8.990934;
41.90799652837647;12.69028898684563;171702268;9.34197;
41.90806879060591;12.690224619223637;171703279;9.634958;
41.90814402296915;12.690161553672919;171704251;9.772294;
41.908222851785766;12.69009687733327;171705259;10.161741;
41.90830359548181;12.690027372238395;171706298;10.513815;
41.90838593539204;12.689956078931006;171707245;10.865806;
41.908470603667865;12.689884232145394;171708259;11.0810995;
41.90855748134284;12.689811511367528;171709292;11.3243065;
41.90864495913342;12.689739494453928;171710296;11.348516;
41.908734147820695;12.689669234507628;171711276;11.439316;
41.908818745798094;12.689593066431915;171712301;11.286175;
41.908901150391536;12.689521018081999;171713272;10.914517;
41.90897950632906;12.689448507541917;171714291;10.504791;
41.90905876032555;12.689378268658448;171715243;10.547769;
41.909139317075564;12.689307966629277;171716274;10.766283;
41.9092221889317;12.689237592342156;171717243;10.930051;
41.90930600703231;12.689165785094325;171718238;11.155185;
41.90939216712579;12.689094115801177;171719273;11.235301;
41.90947897607464;12.689020189470511;171720244;11.435711;
41.90957011662637;12.688947690639912;171721300;11.735719;
41.90966155160288;12.6888755321044;171722300;11.804538;
41.90975468043776;12.688815045743539;171723276;11.504845;
41.90984587498751;12.688751222560606;171724277;11.420906;
41.90993537120394;12.6886895104182;171725259;10.898169;
41.91000976128182;12.688634226409796;171726251;9.365126;
41.910062704995845;12.688598736578442;171727266;6.5514;
41.910125704222885;12.688554551346092;171729294;3.2162163;
41.91017730398974;12.6885234269663;171732251;2.0992296;
41.91023020344476;12.688493953024546;171734244;3.6197228;
41.9103084493887;12.688445440695181;171736234;5.35303;
41.91035273184388;12.688415444887589;171737238;5.496068;
41.91040020199347;12.688383799550092;171738279;5.90386;
41.910451688397444;12.688347573763973;171739272;6.43673;
41.91050509965763;12.688313128765229;171740257;6.567496;
41.91055836908818;12.688277644856013;171741282;6.591922;
41.91061196510595;12.688242866475607;171742280;6.617496;
41.910666344603584;12.688206909575289;171743286;6.7122703;
41.91072129006873;12.688169306984244;171744291;6.8467517;
41.91077977406484;12.68813219754608;171745246;7.171267;
41.91084051212995;12.688094167904886;171746240;7.431636;
41.91090158134548;12.688057304038724;171747242;7.424362;
41.9109617002506;12.688018575566835;171748318;7.405748;
41.91102221145783;12.687982149858424;171749245;7.3686953;
41.91108235979052;12.687946086467687;171750317;7.239843;
41.91114042091828;12.687907569261272;171751234;7.195431;
41.91119883297652;12.687870000671433;171752241;7.1746182;
41.91125845291683;12.687831647653477;171753247;7.3459845;
41.91132030060306;12.687792535368146;171754241;7.602493;
41.91138366287017;12.687751626100024;171755283;7.8118978;
41.91144691715787;12.687712394024642;171756282;7.734398;
41.911510318123646;12.6876735435777;171757240;7.7302837;
41.91157232860752;12.687634392518476;171758251;7.61899;
41.91163424786188;12.687595488487682;171759243;7.564604;
41.91169605131244;12.687557005135277;171800238;7.5625105;
41.911757626787896;12.687517786522427;171801248;7.5562706;
41.911819943500404;12.687476993703173;171802257;7.6841574;
41.911883594072094;12.68743655337692;171803237;7.804553;
41.911948922680345;12.687395546046236;171804276;7.977035;
41.91201552542697;12.687354467086116;171805282;8.130091;
41.912082808893736;12.68731192336761;171806301;8.234533;
41.91215070778192;12.687269780904165;171807287;8.298305;
41.912217741282916;12.687226787990328;171808310;8.155557;
41.91228284957306;12.687186059763214;171809289;7.9302573;
41.91234222754779;12.687149394356762;171810307;7.2227592;
41.9123907293998;12.687116733996557;171811279;5.9984226;
41.91243427475184;12.68709857579004;171812292;5.0780635;
41.91251331866754;12.687136034657085;171814261;4.9189167;
41.912543245154964;12.687193133179246;171815281;5.691237;
41.91257230217782;12.687263695468651;171816286;6.662738;
41.912605946196756;12.687343489964178;171817268;7.4988317;
41.91263775170085;12.68741771884645;171818263;7.044691;
41.91266857959094;12.687483416447348;171819295;5.8096676;
41.91269483993661;12.68754310951874;171820280;5.8373494;
41.91272194947152;12.687604489789607;171821317;5.9278007;
41.91275179874608;12.687669731058259;171822236;6.22689;
41.91278324710731;12.687736617911664;171823287;6.433468;
41.91281377829325;12.687806266497843;171824237;6.717987;
41.9128462434197;12.687877684577328;171825273;6.91618;
41.91287863871997;12.687950638946157;171826296;6.9891896;
41.912911710074965;12.688022283378244;171827295;6.97283;
41.912947511248106;12.688099931707608;171828297;7.586851;
41.912986447591294;12.688188489821615;171829281;8.477172;
41.913028173835706;12.688283433040802;171830315;9.187911;
41.91307394935084;12.688388990976426;171831285;10.044995;
41.91311776054399;12.6884979329082;171832297;10.316326;
41.913163669545966;12.688607045582886;171833242;10.367567;
41.913211580863326;12.688716875872794;171834255;10.506057;
41.91325943638985;12.688826226797136;171835260;10.500619;
41.91330736530943;12.688936505634503;171836325;10.5547695;
41.91335273105525;12.689039450349835;171837278;9.9030485;
41.91339396540198;12.689130858253169;171838277;7.8278394;
41.913424409982454;12.689198834806882;171839274;5.315621;
41.91343440188165;12.689282771850355;171841288;3.1199553;
41.913393986487925;12.689311265358269;171843279;2.3822722;
41.913335321065624;12.68933500025763;171846306;2.278341;
41.913387597849436;12.689294106162004;172008276;0.8024778;
41.913451571830905;12.689288384711602;172017243;0.99320847;
41.913503177814015;12.68927538286529;172021281;1.4965329;
41.9135383678225;12.689323585777663;172027265;0.90473545;
41.91356598336321;12.68938046744633;172032249;1.2123663;
41.91361100401643;12.68937824101415;172110255;0.974793;
41.91368519721783;12.689270306731046;172311275;0.0;
41.91363211917991;12.689284544652248;172333242;0.91456956;
41.91359290929738;12.689323530967203;172339253;1.1361266;
41.91355484840353;12.68937607140769;172343257;1.4100891;
41.91350878280372;12.689379609968995;172349263;1.3408225;
41.91346803825915;12.689423198399785;172358242;1.1292422;
41.913444129765104;12.689367826453559;172416250;0.40436935;
41.91341591834776;12.689320814319483;172430259;0.6523767;
41.91340868165725;12.6893887648;172439267;0.7529231;
41.91343847650829;12.689436621088463;172503256;0.97384053;
41.91347846025568;12.689405593152483;172518252;0.557279;
41.91352126680442;12.689384321040878;172525271;0.0911215;
41.91357069383847;12.689371820650745;172537251;0.49788213;
41.91359996441965;12.689425054010819;172627251;0.382782;
41.91357289470917;12.689369748882408;172659238;0.58713543;
41.91353941503743;12.68932305751477;172707236;0.9257286;
41.913493026830444;12.689317525491878;172718246;0.9862463;
41.913500654192106;12.689377745582256;172738248;0.60392994;
41.913528268787196;12.689433549483024;172803251;0.2772537;
41.91357085078074;12.68941167243151;172820255;0.6350806;
41.91361988474577;12.689416450035027;172825253;0.70559275;
41.91367718666629;12.689400008073424;172832250;0.032636914;
41.91371511019724;12.689364046729903;172904262;0.020361029;
41.91375322476477;12.689325162189043;172924258;0.15557416;
41.913717174987994;12.68936338348905;173140222;0.3080094;
41.91366998720061;12.689372649572496;173146246;1.0392221;
41.91369728312664;12.689296069743335;173316250;0.2321271;
41.913643347377565;12.689287479679056;173419268;0.6373753;
41.91359007466918;12.689292065869918;173423257;0.8170856;
41.913543205119915;12.689295374049017;173429254;0.94866484;
41.91350109117787;12.689325498059263;173441269;1.0021794;
41.91345202131915;12.689345046925492;173445252;1.0875771;
41.913450881217955;12.689281696611612;173656243;0.109428346;
41.91348893132928;12.68932629385216;173717259;0.09506751;
41.91353839680765;12.689330742421758;173731255;0.21614788;
41.913581507519154;12.689358485282284;173759247;0.1973276;
41.91362527126365;12.689343114339122;173813273;0.027844993;
41.913661620548176;12.689389364849964;173918243;0.404562;
41.91362183986955;12.689429636200993;173942257;0.6823794;
41.91364604956416;12.689376522179431;174010258;0.19292651;
41.9136113117841;12.689422625344429;174025265;0.55297464;
41.913652614495575;12.689387896552105;174128266;0.08198184;
41.91369670789844;12.689417604118024;174206261;0.014893596;
41.91365844415474;12.689454314382115;174228248;0.3583521;
41.91365331694827;12.689392291496183;174344251;0.087487556;
41.91361158225989;12.689365212903827;174416257;0.028965317;
41.913648652586026;12.689325965929923;174508262;0.1103779;
41.9136301363201;12.689270839765358;174622259;0.4060003;
41.9135885921532;12.689306303392772;174631232;0.5800478;
41.91355002270712;12.689338016054982;174641252;0.60192555;
41.91350529278835;12.689370726470736;174651257;0.8122206;
41.91346194881201;12.689342303068967;174709267;0.3603659;
41.91346364346513;12.689270792471117;174748254;0.038346395;
41.91340896677035;12.689284655250122;174829258;0.6300731;
41.913361813327874;12.689300536897948;174833259;0.8245096;
41.913311748953305;12.689317963661713;174838251;0.90323395;
41.91327137465075;12.689366549695498;174843258;0.9514868;
41.91323717268242;12.68941788584921;174851252;0.77141064;
41.91318778651339;12.689442932470975;174856248;0.76462936;
41.913142960300824;12.689461297530451;174900271;0.8704118;
41.91305082392007;12.689465884013266;174930260;0.5960308;
41.91301641703286;12.689416730872479;174941254;0.30829006;
41.91304553609957;12.689468317430855;174946259;0.043023985;
41.91302510869238;12.689400168162205;174955260;0.48641387;
41.913403912669324;12.689277460338051;175002238;1.2841724;
41.91347149605072;12.689287372906247;175003266;1.0893949;
41.913505552791186;12.689337559196858;175006241;0.34181246;
41.913524675291576;12.689393454703257;175015264;0.27283764;
41.91357225260378;12.689376382357073;175032283;0.029175626;
41.91361921319921;12.689339507383194;175111284;0.36666945;
41.91358850509153;12.68938941784427;175343243;0.18355612;
41.91361715434065;12.689342514747326;175552232;0.006133005;
41.91365197815499;12.689297410539076;175646233;0.11927784;
41.913605960247565;12.689307512428233;175838286;0.022534624;
41.91359221172177;12.689365145360362;180134236;0.01698142;
41.91355268816896;12.68939720902902;180455242;0.05962502;
41.9135028954564;12.689415956952166;180551274;0.5527514;
41.91352757869673;12.689365108436956;180622269;0.15624183;
41.91357485688592;12.689364018203825;180750263;0.0451946;
41.91362198152307;12.689356430538838;181024242;0.16596001;
41.91367156459554;12.68934578621254;182106266;0.70251834;
41.91376192320845;12.688995885974974;182209250;0.0076686596;
41.91375314236091;12.689069355850162;182211271;0.072308175;
41.91372259761354;12.689114985829685;182223264;0.1706341;
41.91368206184893;12.689149999341584;182235268;0.39167956;
41.9136415962931;12.68917989759913;182307243;0.31659845;
41.91362914746349;12.689243271082256;182346258;0.1327961;
41.9136480879961;12.689300379460924;182418268;0.44639528;
41.913692447197064;12.689322106140782;182434244;0.48535004;
41.9137075068763;12.68926218713059;182545259;0.14854573;
41.913692105744694;12.689204246924302;182638270;0.01826026;
41.91370913542864;12.689260583213759;182729243;0.20615774;
41.91367225383402;12.689225758622255;182847225;0.035104897;
41.91364473836593;12.689276644762144;182853239;0.015163891;
41.91368473863194;12.689308972469503;182954238;0.2883204;
41.91365990899105;12.689360647467655;183129245;0.27780923;
41.913693945841885;12.689321110895595;183309231;0.008040785;
41.91373761904557;12.68933652053762;183320234;0.42703754;
41.9137355625257;12.689397751476914;183340239;0.29750788;
41.913713457073506;12.689457593679435;183412244;0.59305334;
41.91367748144043;12.689395745306449;183418247;0.364057;
41.913667529649516;12.689320559642235;183421237;0.22121856;
41.91366541617163;12.689384367503061;183434238;0.70073724;
41.91371442551106;12.68938561397219;183448242;0.8061182;
41.913675832735656;12.689422445917712;183502231;0.4186535;
41.91364292974162;12.689374821232441;183532241;0.2625683;
41.91359490074515;12.689364268940235;183542237;0.3914612;
41.913574658640094;12.689306280766852;183554251;0.33925283;
41.91362172352681;12.689287710058387;183630258;0.46882242;
41.91366167537823;12.689256522688087;183751237;0.14255324;
41.913681770328;12.689313083850763;183900256;0.20602873;
41.91372344236308;12.689283699437533;183927247;0.28849047;
41.91368441489664;12.689322949334136;184019250;0.5945412;
41.91364632973033;12.689362947535095;184042271;0.7151188;
41.91369111614466;12.689372292356175;184116246;0.0061990316;
41.91369753141738;12.68930917266369;184203259;0.14099866;
41.91374173595662;12.689330702371548;184228268;0.64765525;
41.913723485187035;12.689387539116595;184246257;0.5156511;
41.91367221305535;12.689438571330022;184257244;1.0472146;
41.91362289488446;12.689458349154304;184302259;1.0015002;
41.91365567104469;12.689399918290295;184327251;0.4139054;
41.91370375675308;12.689388324380666;184338241;0.10349786;
41.91368366347202;12.689448066617768;184411251;0.66290146;
41.91410104449756;12.689208137556166;184446253;0.099144004;
41.91406833399303;12.68925605572022;184451260;0.014004636;
41.91402310601349;12.689238051478904;184501265;0.32727042;
41.913971360343766;12.689233471790077;184507267;0.3654764;
41.91391498152015;12.689231122312352;184511248;0.7180715;
41.91386132604676;12.689227080417439;184515270;0.49928543;
41.91381221063621;12.689249761794192;184520267;0.5400576;
41.91376725296842;12.689280767430683;184524256;0.92245764;
41.91367515843744;12.689312709085383;184539257;0.41200358;
41.91364663346326;12.689383410420383;184553258;0.7751389;
41.913586409152515;12.689253530418206;201539412;0.04761573;
41.91361415545937;12.689301973101827;201733357;0.045235023;
41.91362818071082;12.68924406907146;201846347;0.15327837;
41.91366858454916;12.689287421004916;201928380;0.029058225;
41.913623932175575;12.689272956827411;202122362;0.46363798;
