41.913746589114716;12.68914756735824;114842844;0.6172434;
41.91372570120535;12.689068235818143;114848830;0.0;
41.91372182686399;12.68899828111192;114853850;0.8443682;
41.91354632888129;12.689215010255012;131148837;0.07367362;
41.91355446086098;12.689281492355132;131256896;0.20123045;
41.91355613470269;12.68922082887703;131828900;0.14403753;
41.91352536549675;12.689267731258225;131856872;0.17081012;
41.913479056376296;12.689286178207597;131907927;0.20659143;
41.913519955148466;12.689319036058134;131955897;0.043898836;
41.91356556399158;12.68932846619349;132020898;0.005464081;
41.91360829905102;12.689294162242437;132139905;0.36708537;
41.91364564609212;12.689328382308153;132219863;0.13902237;
41.91369238017417;12.689353386350675;132227873;0.29982188;
41.91365777118902;12.689393607090675;132310878;0.16064951;
41.91345041794523;12.68926386114897;132337869;0.027817953;
41.91346736021323;12.689203782051484;132401875;0.12545633;
41.9135074603307;12.689248161897083;132417882;0.31112465;
41.91354733457166;12.689276792073871;132458199;0.22132432;
41.91358515688386;12.689241991535384;132523220;0.3737653;
41.913619321993245;12.689281486625195;132529189;0.18506911;
41.91365135558277;12.68932763820161;132538237;0.031372633;
41.91365075267721;12.689391487952506;132548243;0.05308012;
41.9136954686608;12.689368431327974;132625219;0.032128815;
41.91401350940525;12.689485054534831;132742216;0.16603588;
41.913693534682544;12.68936659181242;132854202;0.20074387;
41.91363827182374;12.689327951699298;132912220;0.0017697978;
41.91363423060011;12.689390964672912;133000175;0.2167363;
41.91368017703411;12.689390794007087;133009198;0.1207158;
41.913640770575206;12.689308002896357;133657223;0.010050671;
41.91372718479839;12.689439729342348;133723179;0.18287732;
41.91371252036595;12.689378804114991;133744174;0.19218163;
41.91352368277885;12.689296948937626;145706207;0.06394899;
41.91356956613565;12.689290110238689;145738188;0.07998858;
41.91361380899071;12.689311956067826;145805194;0.020240065;
41.91365835137485;12.689325533466013;145824197;0.008538499;
41.91356896274041;12.689685642100113;145856231;0.06729159;
41.91354836271551;12.689628906253715;145921212;0.22958918;
41.91356503897373;12.689565313494972;150024164;0.13322365;
41.913581967408916;12.689504514821149;150101147;0.14891551;
41.91361939442057;12.689469311547734;150125165;0.024064709;
41.91406147729276;12.689273501758944;150154160;8.980352E-4;
41.91401302088312;12.689249122753552;150200159;0.2240052;
41.91397572091383;12.689214160332666;150218180;0.021336854;
41.91394361894403;12.68916853342469;150234157;0.017905403;
41.91390311098431;12.689123471208305;150258159;0.10366347;
41.91393240151249;12.689127153904174;150331175;0.42702118;
41.91382869009498;12.689210220410997;150400185;0.08634958;
41.91379090738802;12.689247542924106;150408173;0.2106319;
41.91380248471044;12.68931836318628;150549193;0.8542681;
41.91382102263222;12.689387517512637;150553158;1.0261691;
41.913793481074656;12.68943624356939;150621225;0.39031318;
41.91372765344693;12.689475250340376;150624153;2.3343735;
41.91366643889942;12.689520884132639;150627190;2.5675356;
41.91362110208668;12.689507515456999;150632211;1.3801407;
41.913558386416895;12.689392741564458;150635214;3.5253544;
41.91346569027685;12.689188204690677;150638218;4.9504194;
41.91333353506842;12.688888398814766;150641217;10.331636;
41.91319044755875;12.68855949522469;150644215;10.786194;
41.91303315476389;12.68821169034101;150647214;11.144717;
41.91287353545141;12.687861200172545;150650214;11.385415;
41.91270875170239;12.687506828617094;150653198;11.231791;
41.91258358786193;12.687213719100503;150656203;7.5450325;
41.91253987623414;12.687072901776324;150659196;2.5877903;
41.91255964242205;12.687008497985772;150702234;2.706706;
41.91267767009386;12.686913661864995;150705151;6.443014;
41.912883284996155;12.686785155360104;150708193;9.6018;
41.91314688132529;12.68662535955816;150711176;10.993011;
41.9134372828699;12.686433538848519;150714207;12.372217;
41.91375421328598;12.686234390474413;150717230;13.258252;
41.914084079714165;12.686029991599602;150720157;13.481325;
41.91441119948876;12.685824309945744;150723204;13.337322;
41.91474820391473;12.685607832818954;150726204;13.887478;
41.9150912035758;12.68538887232268;150729150;13.92465;
41.91542130719823;12.68517900404235;150732165;13.34909;
41.915735616415326;12.684971384923793;150735232;12.866072;
41.916057087734636;12.684771640442182;150738195;13.25073;
41.91638165041446;12.684569855002525;150741164;13.238745;
41.91670522640376;12.684368784913005;150744203;13.212244;
41.91701756667482;12.684178666222273;150747199;12.4496765;
41.917311530971226;12.683984912735;150750193;11.951331;
41.917561420664086;12.68373199720391;150753196;11.675739;
41.917657315038056;12.683309803479975;150756208;12.727928;
41.91770307700232;12.682841747782485;150759171;12.706037;
41.91774352946187;12.682418518703724;150802161;10.796854;
41.91779604529397;12.682115928071832;150805193;7.846045;
41.917992756476316;12.68198483740621;150808197;9.750203;
41.91830558097686;12.681951034406831;150811211;12.526129;
41.918683300508356;12.681878170479223;150814211;14.639956;
41.919067401249784;12.681764047067206;150817195;14.4795885;
41.91941923013791;12.681590358687005;150820194;13.574597;
41.91960689598206;12.681182558437406;150823150;13.648138;
41.91966295414488;12.68068993803769;150826202;13.20033;
41.91974678197616;12.680251654736493;150829199;12.676011;
41.91990122913081;12.679841680229602;150832187;12.202664;
41.92007192749848;12.67945616695997;150835201;11.921054;
41.9202086128377;12.679155103891798;150838164;9.231988;
41.920345758442906;12.678851290572478;150841194;10.316205;
41.92053063502425;12.678507779879167;150844186;12.426002;
41.920781097987515;12.678163623764863;150847195;13.56203;
41.92103714658744;12.67778162290362;150850198;14.252024;
41.921319982336286;12.67746221143223;150853191;13.294428;
41.92161180470891;12.67723719990434;150856206;11.861036;
41.9218926339937;12.67708230044252;150859191;10.469117;
41.922103626617925;12.676959339270734;150902204;6.9898677;
41.92221970273547;12.676856802590162;150905204;3.5254016;
41.92225190076534;12.676798681947334;150909194;1.3631207;
41.92224275616327;12.676659783225768;150912202;5.49121;
41.92210659499623;12.676454126078884;150915230;9.179008;
41.92193008059439;12.67614373339424;150918198;11.313772;
41.92180356388552;12.675717861157347;150921189;13.194498;
41.921727750508666;12.675244778254473;150924210;13.326741;
41.9218009225444;12.674766428412656;150927160;13.436097;
41.92201682563875;12.674388503951116;150930204;13.323419;
41.92233359282017;12.674147059708856;150933205;13.555521;
41.92267052511577;12.673956308737214;150936207;13.347946;
41.92299996353931;12.67380897222282;150939208;12.223099;
41.92325125802698;12.673579957164698;150942202;11.336416;
41.923262683336894;12.673190485645415;150945175;11.276596;
41.923173280444736;12.672790560109927;150948202;10.882678;
41.923091749761845;12.672392628196963;150951180;11.712702;
41.92305552191266;12.671977353774949;150954207;11.30522;
41.9230663218774;12.671577046244144;150957202;10.939056;
41.923084979900935;12.671187914166799;151000211;10.646462;
41.92310166280386;12.67083435778721;151003198;9.331725;
41.92311635525381;12.67049779964837;151006215;9.296638;
41.9231553301945;12.670151293092376;151009212;9.773616;
41.92325734353145;12.669827122802715;151012199;9.659939;
41.9233991072908;12.669524087780028;151015196;9.85553;
41.92356220225875;12.669225340441779;151018202;10.151251;
41.92372952500825;12.668959887370933;151021218;9.2431135;
41.92389830108281;12.668635528892985;151024209;11.018248;
41.92389605746446;12.668265169468638;151027196;10.292822;
41.923654719637476;12.668009192460739;151030188;12.964071;
41.92329541955375;12.667842991055718;151033193;14.618674;
41.922929339883005;12.667661178430011;151036193;14.315981;
41.922607796378664;12.667480721387193;151039187;12.14777;
41.92238841057948;12.667197068879917;151042197;11.347818;
41.92230195804738;12.666808385755571;151045191;11.222996;
41.92234643337869;12.666400630100453;151048198;11.8046665;
41.922368808179726;12.665953742257267;151051197;12.462573;
41.922185991234926;12.665563374092606;151054213;13.10689;
41.921966959829234;12.6651531607626;151057227;14.317338;
41.92185842516873;12.664635972015581;151100187;15.137567;
41.921807487624754;12.664071368700476;151103190;15.917251;
41.92171855707204;12.663497331456542;151106185;16.500792;
41.92154819911579;12.66294036535701;151109205;16.529898;
41.92134383357743;12.66241252625559;151112178;16.31453;
41.92114029008198;12.661900363664172;151115198;15.70027;
41.920950568322084;12.661371842186854;151118207;16.423412;
41.92077885475058;12.660809021422128;151121202;16.913582;
41.92061333086643;12.660226893619463;151124202;17.225847;
41.92043833678061;12.659645737346494;151127193;17.221716;
41.92026108556124;12.659066533247284;151130194;17.284334;
41.92008272821055;12.65848867409031;151133186;17.18828;
41.91990443028836;12.657919184588193;151136230;17.24063;
41.91976178524643;12.657321556823042;151139196;17.596159;
41.91964160097575;12.656681799654947;151142205;18.687212;
41.919557006479884;12.656014863750265;151145196;18.915876;
41.919475437996574;12.655306065366657;151148204;20.119299;
41.9194053472163;12.654571006129162;151151208;19.02178;
41.91924507006047;12.653930186875348;151154214;18.930443;
41.91899646948547;12.653324480229726;151157217;19.420528;
41.91864742303041;12.652835244592433;151200185;19.510454;
41.918197356709186;12.652512279469724;151203226;18.322977;
41.91776046140332;12.652394351621185;151206192;16.4622;
41.91734465408137;12.65230374179275;151209190;15.309638;
41.916951299845735;12.652184305780027;151212195;14.906415;
41.916573843708534;12.652020537207495;151215197;14.645599;
41.91622132934093;12.651815670782367;151218197;13.971344;
41.915904456569976;12.65157086326809;151221198;13.472487;
41.91561425434978;12.651289362665795;151224152;13.10496;
41.91536161857028;12.651012462931341;151227197;11.95835;
41.91510869201943;12.65074750580795;151230205;11.239728;
41.914853902108504;12.650571001418806;151233208;11.00839;
41.91455192581403;12.650418733269152;151236191;12.144724;
41.914224588203965;12.650212328807433;151239183;13.940041;
41.913859176443424;12.650038828234276;151242207;14.763853;
41.91348807571073;12.649853482396532;151245211;14.731496;
41.9131247274741;12.649635016122215;151248211;13.811454;
41.91285628128707;12.64944348542128;151251195;10.195687;
41.91262954619518;12.649338786409764;151254180;7.7504115;
41.91245791185039;12.649119761972878;151257188;9.802071;
41.912320444909675;12.648759776287612;151300219;11.408437;
41.91212306901385;12.648373131634338;151303178;13.685892;
41.911893718082474;12.647989090346995;151306201;12.689623;
41.91172379786291;12.647616264051937;151309160;12.033944;
41.91160124970912;12.647194630089732;151312191;12.62948;
41.91152573879154;12.646724394002868;151315215;13.630824;
41.91149201368657;12.646215091584946;151318191;14.028975;
41.91147609350848;12.645704751126223;151321201;14.040071;
41.911471245795205;12.645191961520757;151324198;14.678003;
41.91148719936758;12.644636562914036;151327194;15.769519;
41.911512335974194;12.644025780025778;151330202;17.23596;
41.911548075356826;12.643404108828545;151333222;17.224783;
41.91160891751866;12.642780533985821;151336200;17.322903;
41.91165823992188;12.642150422005084;151339213;17.622713;
41.91167573527825;12.641531980282046;151342202;16.302431;
41.9116214906666;12.640994834263552;151345211;14.597527;
41.9115033691117;12.64053713187487;151348199;12.855606;
41.911384361224265;12.640211728599859;151351196;8.461905;
41.911350177971876;12.639926550740197;151354187;7.9894214;
41.91126125395162;12.63968949728948;151357208;7.844575;
41.9110575421848;12.63950913844879;151400175;9.468183;
41.910923925797164;12.639170549986526;151403205;11.089778;
41.91086093535599;12.638744998378584;151406213;12.629383;
41.910853152842506;12.63824972991302;151409197;14.088479;
41.91087829444133;12.637730986484227;151412207;14.4245405;
41.91085502454908;12.637203011758244;151415183;14.873642;
41.91072294734408;12.636656298065986;151418228;16.295168;
41.910593913057824;12.636084537233506;151421199;16.79069;
41.910534649312005;12.635467886264761;151424213;17.27994;
41.91050967945362;12.63484311240671;151427208;17.138538;
41.910552768386474;12.634240275555513;151430196;16.549541;
41.910518141185015;12.633638935010879;151433195;17.100897;
41.91034166459719;12.633049122695217;151436189;18.046291;
41.91011198207106;12.632476855586127;151439207;17.63158;
41.90987796148193;12.631925566918518;151442198;17.724974;
41.909691577471456;12.631305435691068;151445201;18.805801;
41.90952304728212;12.63065328471876;151448184;18.791435;
41.90936656434008;12.630028371845324;151451186;18.11092;
41.90920812022338;12.629400130734597;151454185;18.407185;
41.90904158170116;12.628763450518857;151457195;18.674448;
41.908818012961696;12.628175657525233;151500211;18.112913;
41.90845108118313;12.627762495717988;151503174;17.43859;
41.90813086014409;12.627366280005658;151506209;15.6026745;
41.90791639123469;12.62691529459904;151509214;14.431941;
41.907729885242965;12.626496081407092;151512195;13.390176;
41.90756554368665;12.626086008546228;151515185;12.85461;
41.90743753842507;12.625645280521017;151518229;13.137214;
41.907342807766256;12.62520852779356;151521206;12.082767;
41.90725825761423;12.624803602372491;151524213;11.707961;
41.90718661123205;12.624365671727567;151527212;12.737564;
41.90713905880639;12.62388572782195;151530206;13.70995;
41.907100422419276;12.623382959211787;151533208;13.835796;
41.90704904727049;12.622902039018683;151536160;13.170834;
41.90698365456606;12.62244141904998;151539209;13.066406;
41.90690868014434;12.621975552278744;151542214;13.088638;
41.90685765974686;12.621518928263692;151545214;13.191168;
41.90680242812468;12.621040635757547;151548206;13.801644;
41.90671208388317;12.620522812966364;151551192;15.143016;
41.90649050790559;12.620063860062595;151554170;14.451784;
41.90622859441753;12.619663894081743;151557168;14.935905;
41.9059812965485;12.6192268800622;151600183;14.989005;
41.90573047551222;12.618802019195087;151603157;14.840446;
41.90546159041728;12.618444182069782;151606151;14.185792;
41.9051890826266;12.618067205503456;151609169;14.269198;
41.9049329000616;12.61764956337557;151612139;15.286398;
41.90468840856926;12.61720499292999;151615174;15.327072;
41.904480836513855;12.616759572433878;151618199;13.535631;
41.90429693851151;12.616346693680581;151621162;13.177599;
41.904216630496315;12.615853586592202;151624178;13.833014;
41.90418792147354;12.615354480852371;151627189;14.641952;
41.90426900708849;12.614824279146426;151630188;14.411901;
41.90436259717242;12.614324520153936;151633191;13.711349;
41.90433953724676;12.61382513234951;151636188;13.987392;
41.90421341388545;12.613339136752;151639200;14.303176;
41.90414584477362;12.61286177576827;151642194;13.399669;
41.90419168814674;12.61238500782651;151645192;12.93556;
41.90433622605471;12.61193143649451;151648172;13.1636;
41.90448812364259;12.611494236560697;151651151;13.162995;
41.90463450316909;12.611042433645203;151654203;13.699148;
41.90477375234528;12.610594432747849;151657200;13.358929;
41.90491318076697;12.610153047436587;151700173;13.193083;
41.90503181529746;12.609712492690198;151703209;12.734541;
41.905047014922786;12.609244046498585;151706216;13.19632;
41.90501730382857;12.608767754935752;151709187;13.436269;
41.904978259380904;12.608242099018474;151712188;15.565709;
41.904944194827166;12.607695443429305;151715146;15.3975115;
41.904913671281996;12.607154408209;151718152;14.771696;
41.90488383339511;12.60664615581573;151721178;13.775723;
41.90486402843331;12.606166053113167;151724193;13.284798;
41.90485668351056;12.605671295641491;151727198;13.890332;
41.90487138539645;12.605141144256521;151730169;15.037123;
41.904893550521116;12.604594632791205;151733187;14.87376;
41.904908245098476;12.60406203868063;151736153;14.977597;
41.904914011167314;12.603500845456825;151739193;15.77846;
41.904916520941434;12.602924694858192;151742216;15.585905;
41.90491449794575;12.602370221809535;151745218;15.300755;
41.90491710941077;12.601811424259624;151748193;15.212714;
41.904924473866885;12.601270850905456;151751197;15.096047;
41.90492644939227;12.600718688014817;151754201;15.417854;
41.90492962686936;12.600159828712936;151757218;15.56206;
41.904938273200734;12.59962108332775;151800206;14.720294;
41.904939493431826;12.599090622905434;151803209;14.729073;
41.904942584713254;12.598572800831075;151806159;13.953358;
41.90493751327301;12.598095248315733;151809162;12.815823;
41.904936885660454;12.597676483511624;151812207;10.875331;
41.904864987163215;12.597305453830126;151815179;10.827281;
41.90481355451373;12.596887629512665;151818219;12.175163;
41.90478149823232;12.59641700452189;151821204;13.5208845;
41.90473128220848;12.595905582539372;151824191;14.396459;
41.90468403095082;12.595404506090022;151827179;13.753038;
41.904636269125675;12.594917692982026;151830200;13.473392;
41.90458427157311;12.594436409074003;151833180;13.558334;
41.90452005617709;12.593957878003222;151836183;13.413474;
41.90440984868011;12.593502295206692;151839193;13.036374;
41.90432607865489;12.593142267999559;151842188;7.1767817;
41.90430038988714;12.592977707375328;151845183;3.2904966;
41.90429256479783;12.592910421926081;151848147;1.7972113;
41.904283488137764;12.592820929539853;151851186;0.9223844;
41.90427078981579;12.592718488076017;151856191;3.845869;
41.90425965351201;12.59255701159095;151859199;2.9071193;
41.904251490812335;12.592481060007882;151913193;3.0481873;
41.90423993779337;12.592292555550669;151916197;6.1245956;
41.904240935010364;12.592020001600716;151919197;8.648501;
41.90424460610409;12.591674175267947;151922187;9.951972;
41.90423173673508;12.591300122652783;151925183;10.282907;
41.90421256397522;12.590950429533574;151928193;9.318813;
41.90419580964812;12.590610101221117;151931192;9.432308;
41.904184337640665;12.590290963862595;151934198;8.420111;
41.90417973448322;12.589999043789327;151937182;7.521677;
41.90418458141961;12.589795474910888;151940157;3.139599;
41.904183866857345;12.589705098589468;151943201;2.9336014;
41.904173262852574;12.589484686734885;151946210;7.252874;
41.90414172036917;12.589124314451471;151949170;10.779819;
41.90408883337572;12.58871087379729;151952200;11.9427;
41.90397067331492;12.588291440966263;151955226;12.622323;
41.90381970785507;12.58789556985013;151958207;12.101993;
41.903715053992485;12.587469716844357;152001200;12.916748;
41.90365752143301;12.58699363710471;152004203;13.39427;
41.90361367858725;12.586512265285158;152007199;13.421223;
41.90356965536035;12.586039882542874;152010191;13.0680685;
41.903526112349695;12.585576058902861;152013199;12.831169;
41.903487826372675;12.58511496340307;152016200;12.889186;
41.90345230590267;12.584647840814815;152019200;12.82807;
41.90341583701752;12.584196091105673;152022151;12.520742;
41.903410848468226;12.583763420517585;152025192;11.8077;
41.90341512022331;12.583316431772246;152028170;12.5157175;
41.90343113549538;12.582874991352794;152031190;12.431854;
41.90350136399757;12.582423688528285;152034215;12.636997;
41.903622871634006;12.58197877647412;152037212;13.340998;
41.90377495419253;12.581537831450364;152040203;13.680421;
41.90392413672728;12.581068013552116;152043216;14.21083;
41.90402130809308;12.580558668091816;152046205;14.720983;
41.90410186011683;12.58004539076724;152049178;14.1669035;
41.90408717105609;12.579550845466603;152052175;13.712594;
41.904002200339704;12.57907492355925;152055210;13.369067;
41.9039081399295;12.578607297437529;152058189;13.472889;
41.90381074093364;12.578123771057795;152101217;13.899491;
41.90371863694246;12.577658169768146;152104182;12.954787;
41.90362333400262;12.577200833778486;152107191;13.362753;
41.90352764954345;12.576730868312644;152110206;13.279293;
41.90343574675338;12.576287434862513;152113199;12.513372;
41.90330523587625;12.575857946881072;152116199;12.914439;
41.903201454889;12.575425125973725;152119189;12.251917;
41.90312325016353;12.57503483129887;152122218;10.997832;
41.90306376560569;12.574708080779784;152125203;6.9977717;
41.90302953296806;12.574494550102727;152128195;6.0889688;
41.902990798374866;12.57427497720367;152131205;6.699006;
41.902942233286865;12.574022722665532;152134193;7.813171;
41.9028738166746;12.573680871301327;152137199;11.219687;
41.902796614889404;12.57326146509205;152140208;12.230496;
41.90271830212203;12.572814339178814;152143189;12.679471;
41.902674945563106;12.57236824490616;152146207;11.975204;
41.90264202014422;12.572004796236545;152149202;9.412957;
41.90261229021727;12.571800150302048;152152202;3.9741194;
41.90260007707464;12.571727089645288;152155231;1.0748665;
41.90258020202723;12.571648247122617;152321151;0.0;
41.902565648966124;12.57158697939571;152332153;0.8532891;
41.90255378848158;12.57151649770339;152338195;1.7506887;
41.90254405034841;12.571444381100525;152341159;2.403793;
41.90251805551161;12.571340279547304;152344168;3.2900996;
41.90249058276344;12.571227326610835;152347193;3.12761;
41.9024695215581;12.571130482915382;152350171;2.6349611;
41.90244956318703;12.571046744623974;152353214;1.7690185;
41.90241569598995;12.570965125703871;152356183;3.2574666;
41.90235629999762;12.570795620782443;152359195;6.198064;
41.90224607498032;12.570545689694129;152402190;9.147668;
41.902094794784816;12.57021846011069;152405199;10.746899;
41.90194500671893;12.56989788239895;152408189;10.490311;
41.90178845958966;12.569564555716925;152411184;11.079903;
41.90162272450491;12.569212590328483;152414179;11.458681;
41.90145587921287;12.568871639156018;152417182;11.310402;
41.90128520976884;12.568525948195447;152420176;11.395537;
41.90112624917527;12.568189642928944;152423175;10.784175;
41.90097442278793;12.567856855774993;152426159;10.556042;
41.90086185523254;12.567601348770532;152429145;7.157593;
41.90074820121014;12.56735288518664;152432179;8.777019;
41.90061427541869;12.567057469028557;152435186;9.450692;
41.90050851666497;12.566819462105572;152438201;6.2112193;
41.900467646223596;12.566727558403242;152441162;1.864563;
41.90042750210377;12.566647826110493;152449217;3.3769293;
41.90034057084102;12.566471269223308;152452201;6.748502;
41.90020713671684;12.566199202471509;152455162;10.048535;
41.90005041048439;12.565881941194844;152458191;10.913457;
41.89987465429197;12.565537267899217;152501198;11.465945;
41.89972151611159;12.565241538842436;152504178;9.481561;
41.899572101258194;12.564954006783603;152507174;10.004673;
41.899414929336864;12.564635358040476;152510203;11.051928;
41.89924284838123;12.564322874162494;152513190;10.893665;
41.899027548807524;12.564014507610596;152516197;11.9538355;
41.898772942522406;12.563736718446481;152519207;12.042172;
41.89852494489976;12.56344992390874;152522187;12.06074;
41.89828603469481;12.563160662529329;152525153;11.928325;
41.898042251003986;12.562870529465819;152528185;12.050172;
41.897811410876685;12.562593671162169;152531161;11.156725;
41.897602218348915;12.562293724689306;152534178;11.548186;
41.8973985343051;12.56195770340172;152537207;12.158196;
41.897205080760095;12.561601158059235;152540172;12.011428;
41.89705310942695;12.561238836958777;152543193;11.028565;
41.896988595681535;12.560863568142599;152546191;9.832178;
41.896940700228306;12.560499679700687;152549185;10.41707;
41.89689125050884;12.560139128017786;152552182;8.594488;
41.89687593710575;12.559898583781564;152555202;1.8302399;
41.89683450719384;12.559832956444884;152605185;1.3339565;
41.89682133763965;12.559732904317611;152608194;4.4821887;
41.89678871444694;12.559495800010847;152611192;7.9791746;
41.89676360164709;12.559208008960654;152614179;6.922668;
41.896738922830814;12.558951303782917;152617176;6.4292445;
41.89662112270866;12.558781428667237;152620184;5.702506;
41.896414963718684;12.558758543119287;152623179;8.663198;
41.89616387954993;12.558792141370045;152626162;9.262596;
41.89592811881809;12.558832507644766;152629179;8.457536;
41.8957246000529;12.558870232738185;152632188;6.364376;
41.895598814266215;12.558907564111978;152635142;1.7353407;
41.89553102010471;12.558879848725486;152653191;1.4131372;
41.89544342163976;12.558896425176668;152656210;4.9224586;
41.895271110522266;12.558923583304258;152659194;6.787887;
41.895072383531094;12.558946026974924;152702184;7.874434;
41.89484743779142;12.558974054004185;152705154;7.8757553;
41.89464083281007;12.558978498916531;152708160;7.816419;
41.894453162123824;12.558998226076021;152711188;6.4554195;
41.89428122084351;12.559045497360412;152714166;7.185607;
41.894090186184336;12.559133413973532;152717164;7.4581313;
41.89389265615956;12.559218124928433;152720163;7.748835;
41.893690448016;12.559290921507195;152723168;7.5134063;
41.8934759914142;12.559359673888117;152726159;8.530531;
41.893262303347285;12.559434729917996;152729167;7.5882473;
41.89306290638966;12.559500603400226;152732194;7.5367136;
41.89284997437285;12.559568465829482;152735162;8.446001;
41.892608033899165;12.559647358752844;152738193;8.626755;
41.89236863433141;12.559731096707496;152741196;8.186981;
41.89219328168296;12.559783854768337;152744187;5.0680375;
41.89208457112551;12.559825621667995;152747201;4.701435;
41.89192071793795;12.559885676601027;152750197;7.995582;
41.89168635418171;12.559981552188379;152753183;9.070676;
41.891466379501004;12.560051627776975;152756181;7.9261856;
41.89126896122102;12.560128203087821;152759176;7.1401916;
41.891064296187814;12.560194810615036;152802189;7.456248;
41.89090698789858;12.560243907051383;152805229;3.458446;
41.89085316851834;12.560259649928788;152808198;1.7449658;
41.89080247393745;12.560289193469835;152848165;2.8603601;
41.890661453425416;12.56034645314325;152851168;6.3444405;
41.8904421144172;12.560448507609307;152854170;9.97115;
41.89017698947501;12.560548474408108;152857182;9.956849;
41.889940619408875;12.560633551465575;152900151;8.889653;
41.889698319385644;12.560718331449557;152903201;10.165862;
41.88942001684503;12.560804105714855;152906187;11.085597;
41.88911171540177;12.560903970694577;152909164;11.984053;
41.88876126285792;12.5610087853777;152912184;13.809266;
41.888413647648726;12.561094484993149;152915181;12.112717;
41.88809187761595;12.561120135310038;152918169;11.776778;
41.8878275835051;12.561104107972078;152921182;8.501433;
41.88767516727338;12.561091575630464;152924178;4.1417713;
41.88761439254543;12.561091854581074;152927206;0.8097048;
41.88756984750416;12.561103961853588;152944199;2.0796218;
41.88742991264296;12.561106696552757;152947180;6.811395;
41.88719656807894;12.561096220981561;152950160;10.026536;
41.886860362831456;12.561072350427741;152953191;13.142738;
41.88647973005432;12.561051286504446;152956177;14.672968;
41.88606913438324;12.561022741478777;152959178;15.444172;
41.885641902263295;12.560990248394265;153002188;16.016874;
41.88521456110206;12.560955991650337;153005196;15.808312;
41.88478990379503;12.560913344691523;153008201;15.78013;
41.88437751594219;12.56084827351417;153011156;14.986331;
41.88398343213024;12.560767738154242;153014181;14.666631;
41.883590173584395;12.560703752454176;153017191;14.829353;
41.88318412871884;12.560661717000198;153020190;14.9311905;
41.882805776616465;12.560624522949903;153023180;12.726096;
41.88251412975315;12.56059720202469;153026179;9.777611;
41.88230117225115;12.560577594191296;153029175;6.8410993;
41.882171450500756;12.560566961065316;153032196;4.239969;
41.88211290244842;12.560563530634315;153035200;0.6667181;
41.88204166480464;12.560553459736763;153040177;5.193794;
41.88184432612684;12.560525193758595;153043189;8.185071;
41.881563216610104;12.560450278981193;153046215;11.080943;
41.88124147257581;12.560330074556477;153049167;13.398731;
41.88086523329621;12.560182623947114;153052179;14.912735;
41.88045344990073;12.560010377753999;153055210;16.634356;
41.88001530556079;12.559782039080977;153058206;17.830013;
41.879576003437705;12.559529201394831;153101155;17.088186;
41.87915319443788;12.559300926484886;153104184;16.994991;
41.87873468302104;12.559047849342845;153107168;16.94662;
41.87831327850547;12.55878603920794;153110160;17.457247;
41.87787746908787;12.558510141564525;153113179;17.749022;
41.87746206833502;12.558261173131635;153116174;16.445177;
41.877068741275;12.558022943289407;153119192;15.601614;
41.87668297993738;12.55781944193464;153122146;15.380331;
41.8763104972467;12.557624588471874;153125186;14.210655;
41.876002926181435;12.557454117824072;153128207;10.322005;
41.8757677717182;12.557373006721084;153131196;6.168055;
41.875663375672595;12.55724736062112;153134164;6.1584597;
41.875708405926886;12.556919591174264;153137182;10.343794;
41.87581717288566;12.556481305199446;153140195;13.021197;
41.875931421709716;12.55597711227937;153143182;14.987915;
41.87607988330924;12.55542079246161;153146187;16.626179;
41.87624377801937;12.554883602811023;153149185;15.749195;
41.87639729979894;12.554381887735158;153152171;14.538595;
41.87650987222116;12.554000241720734;153155182;9.479647;
41.876569253850526;12.553791574185372;153158193;4.51043;
41.876591602235855;12.553723419300422;153201198;1.1241139;
41.876610392142034;12.55365373510928;153230144;2.8229377;
41.87666488883155;12.553482839168753;153233166;5.7286906;
41.876721321416014;12.553312353907973;153236153;4.99961;
41.87672386188335;12.553111174867386;153239176;6.684039;
41.876552915623584;12.552896321028784;153242198;9.999247;
41.876294884352305;12.552681408859007;153245184;12.177712;
41.87598092148865;12.55242418678299;153248186;14.613422;
41.875626063733314;12.552144120095328;153251220;15.587362;
41.8752718193461;12.551859717057065;153254200;14.727713;
41.8749424526573;12.551594197376284;153257174;13.943278;
41.8746272362399;12.551339707783905;153300183;13.616593;
41.87432437936981;12.551099397335593;153303155;12.694691;
41.874055887860195;12.550838126853403;153306171;12.081526;
41.87386463752842;12.550511901140643;153309188;11.094862;
41.873820317648516;12.55009476131783;153312194;10.475368;
41.873730483078575;12.549773167298726;153315202;9.095454;
41.87352984426054;12.549603210957809;153318187;9.6214695;
41.873253597184394;12.549627011093929;153321196;10.981399;
41.872955872462306;12.54968458569934;153324210;11.024432;
41.87272589106992;12.549725846349414;153327194;7.8644037;
41.87248904766526;12.549767366723676;153330153;10.930781;
41.872170589805044;12.549808867514349;153333210;11.888058;
41.87189135698178;12.54986000325667;153336211;9.018833;
41.87175781015845;12.549889428613954;153339196;3.394843;
41.87171129066813;12.549996066188905;153342196;4.76715;
41.871709959975426;12.550165823995677;153345206;4.046813;
41.871786449398094;12.55026643184694;153348210;4.0921435;
41.87185459683619;12.55036577185463;153351195;3.4209962;
41.87191878486659;12.550408819357001;153354202;3.3487802;
41.87200818865;12.550353350024542;153357198;3.6016016;
41.87206422124386;12.5503276396182;153400219;0.60280806;
41.8720238312734;12.550361770054426;153449213;0.0;
41.87197632735301;12.550389849491328;153457180;1.2837466;
41.87193194542534;12.550423323607566;153502154;1.4451768;
41.87189427467122;12.550470932404833;153507196;1.1539887;
41.871878463979925;12.550542374553793;153512176;1.4835864;
41.871872948758686;12.550611489926558;153517183;1.204565;
41.87186776213872;12.550679730795844;153522185;1.2281133;
41.871866236653595;12.550745712487007;153527192;1.1352253;
41.8718664725506;12.550813462870016;153532154;1.2297177;
41.87187075452928;12.55087417470546;153537182;1.0196315;
41.87187775274153;12.55094411051328;153542201;1.2301;
41.87188258059097;12.551004109824943;153546218;1.2261314;
41.871856377916494;12.551070589302867;153551216;1.3814442;
41.87180639301958;12.551090543990695;153556174;1.1409463;
41.87179161067013;12.55115760327411;153602204;1.2015795;
41.87180592162204;12.551223493290417;153607213;1.1621956;
41.87180421082075;12.551297393907022;153612195;1.3218949;
41.87179698954958;12.551364936542797;153617221;1.1315353;
41.87179167146408;12.551425652039265;153622188;1.0340881;
41.871792734700435;12.551494821117732;153628196;1.1335866;
41.87173578723614;12.551552235438148;153647206;0.0;
41.87177357723853;12.551513022177033;154457214;0.7724537;
41.87179889616303;12.551460702928944;154505203;0.48302644;
41.87178924597272;12.551519785431937;160450180;0.00744026;
41.871799727967115;12.55145852975547;160526188;0.88038385;
41.87181323023223;12.551378061658994;160530205;1.2308595;
41.87182887457741;12.551321196533708;160533189;1.2618911;
41.87184860149996;12.551249599601055;160537218;1.2757789;
41.87185434510722;12.551171634370487;160541200;1.2706721;
41.87187826057386;12.55111239184808;160545208;1.2677792;
41.871898948134216;12.55104847100108;160550219;1.2243596;
41.87189782618302;12.5509786235767;160554222;1.228929;
41.87189251715845;12.550915620584917;160558185;1.25917;
41.871880816600274;12.550841680167107;160602201;1.2917941;
41.87186652257057;12.550772115568137;160606198;1.304248;
41.871866040367664;12.550699592082553;160610194;1.3334191;
41.871850899868456;12.550630101831118;160614199;1.3763584;
41.87183701894161;12.550568844410614;160618205;1.353299;
41.87184811216359;12.550631373790543;160723171;0.037508037;
41.8718600056373;12.550708128232564;160731176;0.72178113;
41.87188016040985;12.550779480521747;160735195;0.99724424;
41.87188619660114;12.550851759807284;160739196;1.0311574;
41.871889281583975;12.55092209597847;160743204;1.0391498;
41.87186969220304;12.550988832349656;160747186;1.064314;
41.871852135441;12.551052362421954;160751174;1.0120255;
41.87184322829626;12.551111742104009;160755199;0.97992045;
41.87183408174618;12.551187987858546;160759209;1.0120327;
41.87181989177967;12.551251458452743;160803204;1.0455911;
41.87180635991561;12.55131550167009;160807202;1.045411;
41.871793057114736;12.551383708426807;160812206;1.0169171;
41.87178762582342;12.55145241666798;160817186;0.9995205;
41.87178594439918;12.55151921298167;160839200;1.0579504;
41.871813577578465;12.55158217592566;160845198;1.0135409;
41.87183445609018;12.551639332305985;160856198;0.5763302;
41.87184329407522;12.551705517237147;160902165;0.87600946;
41.87187997387708;12.551760824956;160909178;0.6253832;
41.87193268912286;12.551745548103487;160913193;1.160487;
41.87197788978779;12.55172906475746;160918213;0.86040604;
41.87203004178437;12.551715289335773;160924182;0.60854185;
41.87206427136863;12.551761273881167;160930194;0.35225937;
41.87210819344641;12.551780502752075;161013172;0.30829534;
41.872063799613336;12.551752981601359;161030189;0.8631661;
41.87203975181602;12.551804252447763;161056206;0.010501037;
41.871981623612825;12.551779440228149;161210189;1.1296514;
41.87193722409892;12.551790911426552;161213182;0.9162309;
41.87188963090888;12.551789870893804;161216184;1.314612;
41.871839145247655;12.551770915872831;161220203;1.086296;
41.87184039460875;12.551701691413129;161224217;0.98588395;
41.87182789395337;12.551639123865497;161229192;0.6932139;
41.87182617453047;12.551570111580652;161236175;0.45358557;
41.87184281730707;12.551647806705397;161442202;1.3842455;
41.87185136295012;12.551713160729559;161445218;1.0396599;
41.871883679706386;12.551757342878012;161500171;0.18755926;
41.87183738100881;12.551787473541781;161530199;0.7299547;
41.87180484841636;12.55172663914303;161534198;1.0648503;
41.87178825221312;12.551649690626832;161538200;1.2096577;
41.87176537197646;12.551593355375779;161541202;0.81364805;
41.87179636143849;12.55154634010308;161546197;0.3843951;
41.87183550046554;12.551577112704548;161636157;0.023216752;
41.871817646356405;12.551634315991214;162054156;0.2225853;
41.87182716915752;12.55170928931105;162059205;0.41487026;
41.871876553844714;12.55171242571609;162113217;0.47259194;
41.87192127604165;12.551695931850151;162120181;0.04263699;
41.87196286174125;12.551728541995317;162138192;0.33454263;
41.87200409718386;12.551753697930145;162214156;0.008783639;
41.8719585313295;12.551776387656822;162319194;1.1271544;
41.871901557115585;12.551785724464445;162325205;1.0841172;
41.871855259732236;12.551778151989382;162329214;1.0863812;
41.87183715463245;12.551716430204985;162333185;1.1604244;
41.871805869136175;12.551661790916416;162340193;0.98124325;
41.87183528222465;12.551729109020496;162601199;0.85836303;
41.87188813429025;12.551728136347903;162605199;1.2114015;
41.87194289294308;12.55172756451858;162609194;1.1623387;
41.871994997274484;12.551715229628932;162613192;0.88581604;
41.87204112624541;12.551703348155987;162627190;0.36505553;
41.87180874199524;12.551985053983753;162732190;0.45517206;
41.87187134048779;12.551971470376788;162803167;0.0054574497;
41.87192588134516;12.551927184509008;162816146;0.19059701;
41.871968695754525;12.551887925936606;162819188;0.0020515118;
41.87200560500172;12.551846440778709;162837190;0.08686917;
41.872009157371956;12.551783348869899;162910182;0.13502745;
41.87205581410537;12.551780021908993;162958178;0.011695741;
41.872199534163514;12.551674904054535;163131181;0.026829414;
41.87215175672756;12.551667495993325;163234181;0.14330067;
41.87211437901045;12.55170527513805;163319149;0.13686271;
41.872066454525;12.551713107200548;163426179;0.010850522;
41.872223740345625;12.551637556299909;163539181;0.010779635;
41.87222228561704;12.551789004807603;163633161;0.2211053;
41.87203534604331;12.551656701864717;163806198;0.25729817;
41.8719983106761;12.551696678789769;163844177;0.047396258;
41.87205556856302;12.551654427974439;163925177;0.19326487;
41.872084261540955;12.551774153349687;164046182;3.5333366E-4;
41.871830753410045;12.551824185177363;164149135;0.2701384;
41.87187813945944;12.551862359131487;164219168;0.011838408;
41.871935480297616;12.551885990297684;164223173;0.018006323;
41.87198586948117;12.551896380653714;164227176;0.16735812;
41.87203681170928;12.551860837426933;164236176;0.22047187;
41.871998958091595;12.551818675746162;164246200;0.7918269;
41.87195348951017;12.551801565789681;164252191;0.7369502;
41.87189122801027;12.551797843628215;164256188;1.2476001;
41.87185180109871;12.551764778001308;164300199;1.0981551;
41.87184700908825;12.551698781233675;164304188;1.0847065;
41.87179725474147;12.551704458224894;164312196;1.0422899;
41.871767350958365;12.551761081626836;164316184;1.135315;
41.87172315840016;12.551743894361461;164421164;0.026234942;
41.87171162264482;12.551815495741394;164519198;1.0416238;
41.87172068604727;12.551887490948445;164524194;1.1270716;
41.871718331811465;12.551954003614203;164529193;1.0782474;
41.871716821350205;12.552017874800537;164533205;1.030602;
41.87172777301935;12.552082212493497;164540197;0.57305163;
41.87171632632809;12.552015075596865;164550214;0.9876429;
41.871711381577164;12.551952742676892;164556194;0.859014;
41.87170606825511;12.551889721245498;164601214;0.8303428;
41.871704680710295;12.551824319964926;164607211;0.72187126;
41.87173411303882;12.551768782328232;164616177;0.6170374;
41.871774582040075;12.55172966481797;164621192;0.99508494;
41.87179122920746;12.55167161019176;164628193;0.80995166;
41.871837513403236;12.55165595721893;164634197;0.49667752;
41.87179984896766;12.551618474044128;164651206;0.7571587;
41.871755520546735;12.551576033594237;164656207;1.1543016;
41.871710600663086;12.55157067502393;164706195;0.3114657;
41.8716457312662;12.551555515419933;164712195;1.0699275;
41.871594333256226;12.551568108736017;164715196;1.3683835;
41.87154063016838;12.551577173808369;164718212;1.4536731;
41.87158165145184;12.551550754332848;164925184;1.6750549;
41.87163273415422;12.551543141628242;164928189;1.6113555;
41.8716945578074;12.551533283595926;164932199;1.5784838;
41.87173647042949;12.55158829525914;164936170;1.5276755;
41.87177867106041;12.551640542523009;164940177;1.4930254;
41.871782722958145;12.55171130431769;164945183;1.305532;
41.87174441293688;12.551749178760565;164951199;1.1377928;
41.871713685818044;12.55180275328111;165000195;0.41549474;
41.871710083264155;12.551866726076922;165009195;1.122153;
41.871719531778524;12.551936651276165;165017190;1.0453637;
41.87172780185466;12.552011381912521;165021214;1.1695824;
41.871747057401585;12.552068833076165;165044210;0.57558537;
41.87180024187673;12.552062599710462;165051202;0.707652;
41.87182383637955;12.552117355015136;165057199;0.755467;
41.871776476655114;12.552096124946651;165214177;1.199614;
41.87173319437311;12.552076950994566;165226182;0.028849727;
41.87175573468408;12.552136196308481;165240205;0.48007885;
41.871801788032336;12.55210283186204;165252195;0.7604633;
41.871851480440306;12.552093975900537;165259202;0.6749554;
41.871885473760415;12.552135516821162;165314196;0.4525174;
41.871840382171854;12.552132321563933;165351155;0.19989015;
41.87179204033696;12.55215237866945;165444154;0.27187356;
41.8717443588768;12.552131289705535;165448202;0.64814204;
41.87177081902811;12.552079847788645;165519194;0.22533536;
41.87172169878481;12.552070103899192;165538194;0.51337427;
41.87172269930186;12.552140951769056;165549171;0.48601633;
41.87172739675034;12.55220575707412;165553191;1.2602103;
41.8717299740726;12.552271266353738;165557204;1.1296043;
41.871739702838966;12.552346872966966;165601202;1.1657709;
41.871725295897974;12.552420522873293;165609189;1.1372715;
41.871702403047195;12.552486631117684;165613206;1.2963015;
41.87167605048467;12.552550394102944;165617184;1.3396585;
41.871643225752315;12.552613345204495;165621187;1.37065;
41.87161008890883;12.552673587945533;165625201;1.4113798;
41.871571476015106;12.552724732867224;165629180;1.4130226;
41.8716163808558;12.552714249783286;165649191;0.8856238;
41.87166208404858;12.552707858926471;165655194;0.88648427;
41.87161370725307;12.552690747087953;165710191;0.7541229;
41.87156756264051;12.552681869085053;165715202;0.8066677;
41.871528539929784;12.55264949008667;165720198;0.8466269;
41.87152036807885;12.552587011132186;165730193;0.67134154;
41.871499326343006;12.552646098115444;165737199;1.0758781;
41.87151462721268;12.552589453372287;165757207;0.9524224;
41.8715171034993;12.552525732004566;165818207;0.12999912;
41.87154458766427;12.55247724949638;165901171;0.94930434;
41.871596177030206;12.552442922971016;165905202;1.2918139;
41.871645492542456;12.552414612231942;165909190;1.3501508;
41.87169505499097;12.552400417537907;165913198;1.3720036;
41.871640314269264;12.552393011161996;165932196;1.2732446;
41.87159022111488;12.552402534076952;165936197;1.3145412;
41.871557609083595;12.55245290717628;165941188;1.3022807;
41.87155786580885;12.5525174769844;165945206;1.3032432;
41.87156585491597;12.552580611093338;165949202;1.3549957;
41.87156084934328;12.552654903590092;165953210;1.4054848;
41.87154785416773;12.552729467142933;165957167;1.3794156;
41.871506998640115;12.552682730265882;170029227;0.8353063;
41.87147944250297;12.552626858457401;170057206;0.4837215;
41.87150896118778;12.552681794407084;170304187;0.8955446;
41.87153731827329;12.552729654794074;170321173;0.009827231;
41.871489539394304;12.552716278591072;170744194;0.46058252;
41.87146906009837;12.55265717664116;170750202;1.1325989;
41.8714818733304;12.552586343126283;170754200;1.2837067;
41.87147014642163;12.552517530291752;170758197;1.3331898;
41.87143049892433;12.552487133825839;170802186;1.2931118;
41.87146381023174;12.55253047948867;171042189;1.8205407;
41.871490050181976;12.552597942994396;171046159;1.6742616;
41.8715236425269;12.55265041587344;171050158;1.5831342;
41.87156491654841;12.55268627272929;171055170;1.3550103;
41.871537695217945;12.552742223472986;171126185;0.29497;
41.8715801936684;12.552717647133575;171246148;0.33745334;
41.8715388095391;12.552741855877148;172357133;0.021659732;
41.87150726246107;12.552691503914291;173656181;0.8432138;
41.87149900654305;12.55262465134073;173702196;0.88044935;
41.87145121511701;12.552616879949033;173712182;0.61244655;
41.87145774638163;12.552680874175579;174025123;0.56792986;
41.87150443896546;12.552722628469366;174030150;0.9007718;
41.87155090913195;12.552724604816717;174056168;0.021361029;
41.87150637290076;12.552735949514984;174351167;0.004745427;
41.87154562043012;12.552698312535057;175339143;0.0599031;
41.87157497873744;12.552745035947945;180619167;0.0067219483;
41.87153014666378;12.552738949728713;180901124;0.024427755;
41.87157249851056;12.552717916722974;181111130;0.020522188;
41.87153048518157;12.55269527301742;182005136;0.113653265;
41.87153827395057;12.55275871030186;182245099;0.2249974;
41.8715375628241;12.552694831367115;182400176;0.3532384;
41.871545262091324;12.552757521159856;182648140;0.15263273;
41.87157614962422;12.552706732015446;183458159;0.7900198;
41.8715958207358;12.552644612853435;183502166;1.1556011;
41.871613750730134;12.552586483575448;183506149;1.2396586;
41.87163913060069;12.552523334801872;183510186;1.2779274;
41.871666087409295;12.552472794810456;183514163;1.2731147;
41.87170177572427;12.552417964319668;183519153;1.2515297;
41.87173441099686;12.552376040827802;183524161;1.1731931;
41.871740443754334;12.552305844078866;183535172;0.9249637;
41.87173420255153;12.552230336845362;183541182;0.7511236;
41.87172979520083;12.55216453947352;183545179;0.8555506;
41.87172410571479;12.552096113712405;183549178;0.9707285;
41.87172132597532;12.552030363853193;183554172;1.0161372;
41.871714810529845;12.551966004118643;183558146;1.0637002;
41.871710932773745;12.551891653558837;183602173;1.1625428;
41.87170440764355;12.551817442113602;183607174;1.1710868;
41.87172589379995;12.551761157508414;183621170;0.42252854;
41.87177398118009;12.551732868030301;183627189;0.9300106;
41.871803525631464;12.551679693403305;183632171;0.97420627;
41.871840279112966;12.551635565607212;183638171;0.944359;
41.87185759021035;12.55169933961725;183643168;0.9989115;
41.87192052111068;12.551704246968965;183658168;1.0903912;
41.87198388579572;12.551716937928886;183705174;0.014843097;
41.87202702177292;12.551747607935527;183727167;0.0071052085;
41.87197573763743;12.551769834154719;184148159;0.84194744;
41.87202120440545;12.551794966304344;184202170;0.027814088;
41.872180171059334;12.551865731899676;184235162;0.3818701;
41.87213001153519;12.551860038862474;184238180;0.19875015;
41.87208163146607;12.551816398152592;184328156;0.001629261;
41.87203267859359;12.551799590669512;184430176;0.44088244;
41.87198527895087;12.551807169332763;184507166;0.40137342;
41.87200757887139;12.551752352794823;184525133;0.004495463;
41.87205046244153;12.551771976835823;184551195;0.02754693;
41.87200032105637;12.551782281429805;184613157;0.48721206;
41.87194989206784;12.55177937127451;184622178;0.54748976;
41.871995057467316;12.551751912162956;184639186;0.69394696;
41.8720378191729;12.551771716628885;184711172;0.05716978;
41.872084518837234;12.551766328212313;184955118;0.34686044;
41.87205064765453;12.551808950179515;185300130;0.21269456;
41.87201506524338;12.55177140056992;185637134;0.066225834;
41.87205782355732;12.551792879668282;185812137;0.0100831995;
41.872047940110996;12.55171350388279;190217170;0.88129365;
41.87200568721956;12.55169222466472;190224178;0.35048348;
41.87202264291718;12.551749840606004;190254146;0.2064087;
41.87205953141757;12.551711216252288;190452166;0.03840969;
41.872017380302815;12.551748749616705;190505176;0.8072578;
41.87197218847202;12.551771661056474;190510170;0.9557614;
41.871924533953596;12.551761929387837;190515194;0.8806107;
41.871874701146396;12.551762625141201;190519171;0.90866697;
41.87184569299792;12.55171223450582;190524186;1.0307592;
41.871830586880066;12.551646517604668;190529174;0.9664995;
41.871811897365134;12.551584748870265;190535174;0.9247804;
41.87183281327272;12.55152838367155;190540175;0.65114737;
41.871878359002345;12.551546846381687;190554204;0.41285253;
41.87190759294387;12.55159973270409;190647165;0.04939937;
41.87187389154724;12.55163969049651;190705177;0.0075625544;
41.871834943530054;12.551604446899868;190801176;0.48112866;
41.87179963035539;12.551560969161848;190807176;0.8647456;
41.87179675453542;12.551498309217088;190811191;0.9846559;
41.871798194745296;12.551428406661973;190815175;1.0431204;
41.87180594509058;12.551350878787897;190820175;1.0134706;
41.87181655088967;12.551273316329429;190824185;1.0546829;
41.87182927851745;12.551206117868066;190829181;1.087997;
41.8718463495634;12.551136692237826;190834156;1.0938776;
41.87188518718818;12.551095905094261;190839172;1.09144;
41.87191165839913;12.551045822858281;190844172;1.0589743;
41.87192894079346;12.550984643508695;190849184;1.0360584;
41.87193735841489;12.550915636686867;190855170;0.9709583;
41.87193601321469;12.550854255524024;190900177;0.9725924;
41.8719329351968;12.550791935794438;190905187;0.9948739;
41.871940245579715;12.550727495945349;190910180;0.9918275;
41.871951847637206;12.550655421167788;190916184;0.9867096;
41.87196190884404;12.550591261558973;190921201;1.0208477;
41.87197510959939;12.55052354348498;190927175;1.0119194;
41.87197702321823;12.55045619899607;190932191;1.0233161;
41.871984797247016;12.55039485311101;190937191;1.0149581;
41.87200491317055;12.550336640003636;190942163;1.0229723;
41.87203072520574;12.550286742278235;190952182;0.2766904;
41.87207620970898;12.550293216191125;191003128;0.80652577;
41.87204397950859;12.550337075812887;191043111;0.82202554;
41.87200766177254;12.550279692980032;191050183;2.2580574;
41.8719125608964;12.550231541896343;191053190;3.4259539;
41.8718232317772;12.550243910329765;191056174;3.440279;
41.871739071030554;12.550215431553141;191059190;3.3738232;
41.87169206218511;12.550131441230121;191102175;3.250324;
41.87170982265516;12.550033757839934;191105196;3.1437936;
41.87173747388611;12.549958370327126;191109178;2.7702403;
41.871833898777815;12.549916150557483;191112188;2.975857;
41.872024679129915;12.549887767633653;191115202;7.9410157;
41.87226952792143;12.549855001375906;191118196;8.833741;
41.87247336423797;12.549788458581718;191121179;6.8352766;
41.872530523948555;12.54951123719736;191124168;9.92337;
41.87248868642938;12.549127826178795;191127173;11.58115;
41.87247267332528;12.548698736428673;191130180;11.509161;
41.87247659129634;12.548290788069927;191133175;10.592229;
41.87249212511328;12.547925230996036;191136189;9.499023;
41.87250958332218;12.547657374808429;191139168;6.3349705;
41.872522869712654;12.547465481431141;191142184;5.5519586;
41.87253204457339;12.547218475315766;191145169;7.536252;
41.87254548912188;12.546888896446271;191148180;9.785707;
41.872566984992396;12.54653236161889;191151168;9.461008;
41.87262069671554;12.546244800840993;191154166;7.461647;
41.87274407878224;12.546048265603174;191157192;7.565156;
41.87299349633851;12.545976313440224;191200187;9.869016;
41.87330487091248;12.545903175947405;191203131;12.446962;
41.87362493407602;12.545828074452047;191206131;11.419706;
41.87390179715733;12.545767075698253;191209171;9.642348;
41.874081202287904;12.545769883896705;191212165;6.006709;
41.87416809461167;12.545991665634132;191215188;7.8354588;
41.874208725332224;12.546270743687552;191218178;7.0116463;
41.874236376040024;12.546453904999096;191221166;4.277966;
41.8743527661875;12.546527071982386;191224171;5.1724243;
41.87452683997295;12.546485229325588;191227191;6.7056212;
41.87473500315927;12.546470342521376;191230164;8.546891;
41.874979659863506;12.546401186072245;191233176;9.682041;
41.87524632532345;12.546309608769135;191236170;9.3010845;
41.87549561161038;12.546160955543515;191239173;9.395184;
41.87572432113859;12.546024527367084;191242179;8.57577;
41.875901283402165;12.54592749651813;191245174;4.737138;
41.87598421235418;12.545914440862516;191248168;2.6362593;
41.87608914523395;12.545994283703164;191251161;5.7296276;
41.87619373603325;12.546240856273368;191254181;8.232567;
41.87631646290683;12.546536110842391;191257168;9.125362;
41.87637099114575;12.54683670469821;191300148;8.536163;
41.87636617341849;12.547147402585676;191303165;8.739206;
41.87637375727176;12.547424321411468;191306168;7.51349;
41.876458736106194;12.54768498210987;191309186;8.351743;
41.87669522889394;12.547781372822062;191312162;9.682463;
41.876959750289245;12.547846571268629;191315172;10.098278;
41.877209766451266;12.547904715197934;191318173;8.868193;
41.87742287123182;12.547973444399567;191321164;7.7860084;
41.87755841560996;12.54801532320563;191324122;3.9941225;
41.87760495501808;12.548028758263076;191327172;0.9017775;
41.87767282882642;12.548055072238078;191417152;3.3421133;
41.87779850041514;12.54808462240443;191420183;4.8325067;
41.877912011546655;12.548134856211485;191423162;4.785206;
41.87791112429218;12.548353943433254;191426171;7.470066;
41.877819638892674;12.548654705272927;191429165;9.446424;
41.87773159532638;12.54896004855395;191432172;8.724912;
41.877648568982764;12.549250752381823;191435177;8.704472;
41.87758071639786;12.549517669904265;191438176;7.130171;
41.877533096963575;12.549710092108588;191441181;4.8504286;
41.8774957851838;12.549873437878762;191444171;5.147923;
41.87746521849849;12.550098341384222;191447175;7.3317513;
41.8774082392652;12.550360587069818;191450180;7.029977;
41.877364579668104;12.550544183607792;191453162;4.366216;
41.877342196324165;12.550632817214355;191456174;1.5946299;
41.877329132335326;12.550692015385998;191459167;3.844243;
41.87728830832795;12.550886989187864;191502134;6.274615;
41.87723414904321;12.55114919833976;191505153;8.1512985;
41.877162269299546;12.551486872190548;191508162;10.320336;
41.87707875685468;12.551838592500637;191511162;10.398469;
41.876976199732276;12.552215467770088;191514164;11.4260435;
41.87684936798652;12.55261855216017;191517170;12.638746;
41.87669914741129;12.553087913471423;191520166;14.922356;
41.876524403596996;12.55360113356114;191523174;16.001951;
41.87634780203093;12.554111600057308;191526140;15.38074;
41.87617767786772;12.554626461671845;191529162;15.367901;
41.87602243117671;12.555126232989922;191532159;14.8355665;
41.87588228887794;12.555636259167681;191535170;15.059806;
41.875749034504004;12.556151741888819;191538162;15.1406765;
41.8756114979178;12.55669012372433;191541180;16.00635;
41.875469017849824;12.557265863042641;191544186;17.132769;
41.875322710075146;12.557859985429523;191547161;16.968882;
41.87517792606444;12.558444567773208;191550169;17.071066;
41.875028744102856;12.55902993953468;191553170;16.958006;
41.87489338774746;12.559594440510875;191556156;16.152279;
41.87479920719934;12.560160813560355;191559160;16.183155;
41.87474211429272;12.56075353675486;191602168;16.768631;
41.874685152321;12.561347421626333;191605158;16.350424;
41.87463063732645;12.56193428724854;191608162;16.485611;
41.87458015144229;12.56254260989595;191611156;17.137589;
41.874543335513785;12.563165030721748;191614174;17.342493;
41.87455220057269;12.56379784287026;191617168;17.557009;
41.8745718027045;12.564421719760386;191620170;16.965416;
41.87457834370585;12.565031788058073;191623162;16.913319;
41.874555237070545;12.565652987843459;191626173;17.769478;
41.87447567409323;12.566283134059644;191629159;17.825035;
41.874384668303804;12.566908417225731;191632179;17.758669;
41.87428664860749;12.567498611273336;191635143;16.16644;
41.87418986756553;12.568046918905903;191638165;15.300693;
41.87410326034173;12.568523340708959;191641169;12.399205;
41.874041763363905;12.568852210399388;191644171;7.7463446;
41.87401185923331;12.569003477347614;191647176;3.061913;
41.8740031623553;12.569073810204479;191739148;1.8367144;
41.87397545382758;12.569221236437974;191742157;5.422917;
41.873932942911466;12.56944667984141;191745169;7.6407557;
41.87386892463627;12.569782037131485;191748173;10.406646;
41.87378629812398;12.570202705655824;191751164;12.806932;
41.8736840230992;12.570681543296494;191754144;14.611338;
41.87355003689183;12.57124563832974;191757183;17.182724;
41.87338645207635;12.571846451822559;191800155;17.095274;
41.87322570345831;12.572371580302736;191803177;15.087402;
41.87309933235342;12.57282351124212;191806174;12.6993475;
41.87296034807247;12.573252426839767;191809168;12.8661995;
41.87279852086129;12.573695886904526;191812168;13.957874;
41.872622013943015;12.574159767487043;191815182;14.385993;
41.87246040597172;12.57458896197805;191818214;12.646773;
41.8723256519226;12.574962353207479;191821167;10.875107;
41.87222205834655;12.575287282638183;191824171;9.184974;
41.87215714991404;12.57553939836425;191827170;5.654531;
41.872142313415296;12.575621956545472;191830162;0.0;
41.8721310443105;12.575691109921157;191833174;0.0;
41.87212211525654;12.575789811520762;191858141;3.5611439;
41.87209090877991;12.575968527868714;191901149;5.313877;
41.87204706122982;12.576213251662297;191904156;7.95162;
41.87199017529977;12.576535391440206;191907172;9.229979;
41.8719285776578;12.57687618542208;191910154;10.344596;
41.87185249038558;12.57727274575985;191913159;11.722128;
41.87177773709909;12.577696029498862;191916166;11.974002;
41.87167995134587;12.578101809059676;191919147;11.919839;
41.871509101028224;12.578470396581809;191922180;11.960292;
41.87131012083462;12.578793652761371;191925175;11.430316;
41.87113958937265;12.579111238990647;191928166;10.153763;
41.871022752687125;12.579362459416105;191931173;4.2257423;
41.87098946163507;12.579424757788702;191934171;1.6051925;
41.87094414322973;12.579502727519177;191937131;3.8127174;
41.87086499082813;12.579682081459833;191940160;6.15816;
41.870788109563;12.579914896084725;191943175;7.0608335;
41.87069191527397;12.580220749741539;191946180;10.068427;
41.870582697974235;12.580593478676358;191949176;11.783309;
41.87044940260349;12.581031266036788;191952156;13.725897;
41.87031581682492;12.58148231517017;191955164;13.723669;
41.87015113822831;12.581957199004211;191958166;14.725619;
41.869979226451164;12.582451645942331;192001188;15.470152;
41.86981077546252;12.58295333476422;192004176;14.796248;
41.86965815303397;12.583413305342457;192007174;13.460434;
41.86951941732487;12.583822978144939;192010162;11.673551;
41.86940454081773;12.584158607505682;192013164;9.8556;
41.86929285182985;12.584492045450766;192016166;10.611696;
41.869163026401026;12.584880172490362;192019119;12.284814;
41.86903145618714;12.585308481029184;192022174;12.556525;
41.86892476574075;12.585715476121372;192025152;11.89256;
41.86882306784879;12.58613223036797;192028163;11.904975;
41.8686903636576;12.586529251697062;192031154;12.107716;
41.86856210995055;12.586855029114524;192034158;9.504294;
41.86845159007462;12.587091611956051;192037151;6.56458;
41.868296548388;12.587115227077648;192040160;6.0027757;
41.86809888614563;12.587054577587804;192043158;7.6960974;
41.86789733470454;12.587009900438078;192046154;8.151084;
41.86765340300248;12.586956960478382;192049162;9.590273;
41.86746009566283;12.586908683891517;192052156;6.3689246;
41.867358841692536;12.586882797436399;192055154;2.3982005;
41.867313170095976;12.58686290717328;192100154;0.38237584;
41.86735206118247;12.586900769235234;192129152;3.3068547;
41.8674708076738;12.58694018392416;192132165;4.481385;
41.86758016592416;12.586963508068107;192135153;3.9293873;
41.867686723097435;12.586989459189903;192138160;4.2496824;
41.867827996449456;12.58701950281324;192141160;5.394213;
41.86794856912978;12.587046850816625;192144184;5.067791;
41.868071944855416;12.587073909318919;192147125;3.828577;
41.86813362734402;12.587077512615828;192250189;1.1203505;
41.86822994334657;12.587154161245929;192253206;5.500599;
41.86834738151076;12.587323054175538;192256210;6.9114723;
41.86846764831792;12.587502632782448;192259192;6.4714684;
41.86861228704371;12.587615408152264;192302238;6.49055;
41.868762597424286;12.587663123847438;192305223;5.296975;
41.86892290068467;12.58770264467203;192308229;6.3702445;
41.869120620372215;12.587748701756777;192311234;7.6815557;
41.869327152851184;12.587793929693477;192314233;7.542131;
41.869502869060796;12.587822818426325;192317235;6.2465515;
41.86968354605439;12.587873021456707;192320237;7.5801973;
41.869901699502236;12.58794856461846;192323233;8.450202;
41.870148379654644;12.588008406756483;192326237;9.710126;
41.870406226252214;12.588062846211932;192329264;9.585162;
41.87068764825543;12.588036531303885;192332225;10.862165;
41.870956717146065;12.58790505200029;192335233;10.443195;
41.871219103427286;12.587737036770992;192338230;11.397612;
41.87150697014225;12.58754967075471;192341233;12.016664;
41.87180571251041;12.587349742147767;192344233;12.18066;
41.87210361615204;12.587150919704499;192347239;12.573584;
41.87240275265196;12.586950547715894;192350226;12.152216;
41.87268463950429;12.586779644703146;192353243;11.109578;
41.87294755580464;12.586648281168072;192356235;10.016987;
41.87319198447717;12.586561643013585;192359250;9.109343;
41.87346210696199;12.586513672599507;192402231;10.722187;
41.87375215539635;12.58660007747114;192405238;10.806729;
41.873993883922715;12.586760246350435;192408231;9.818596;
41.874238568037946;12.586931794070626;192411226;10.295342;
41.874478362868636;12.587108453414132;192414243;10.207835;
41.87473030087111;12.587293792673792;192417229;10.704683;
41.87499833182743;12.58748883833606;192420235;11.18212;
41.87527142913288;12.587688230935703;192423188;11.975425;
41.87556351964762;12.587900885885952;192426218;12.324808;
41.8758427344711;12.588103680128636;192429241;11.3776865;
41.87610916600168;12.588289679081084;192432241;11.084859;
41.87637995639468;12.588483178307785;192435212;11.479118;
41.87666410596116;12.58868356929348;192438228;12.109786;
41.87694990372745;12.588889412568767;192441203;11.837781;
41.87722174550147;12.589088452896926;192444247;11.510038;
41.877481807286564;12.589316008187803;192447239;11.294024;
41.87772049426832;12.58958572086788;192450241;11.774037;
41.87796384619527;12.589866276466518;192453186;11.625366;
41.87819788186716;12.59014933667243;192456207;11.590525;
41.87845893130033;12.590395399796876;192459239;12.334182;
41.87877605571363;12.590607866440385;192502211;13.261724;
41.879095176832394;12.590812482240223;192505216;13.096398;
41.879402714024295;12.591014426781047;192508185;12.541778;
41.87970057501514;12.591208319769514;192511242;12.234976;
41.88000436731267;12.591405521883575;192514216;12.694823;
41.88032813723329;12.591551436636296;192517227;12.61542;
41.88065553664916;12.591631450078138;192520205;12.270812;
41.88098779827353;12.591694211250504;192523246;12.4333515;
41.88130400382442;12.591773462569558;192526200;11.695488;
41.8816156508298;12.591896426856234;192529241;12.523137;
41.88194672837324;12.592071489854176;192532245;13.136974;
41.8822306226354;12.592259811336596;192535228;10.930728;
41.8824717610822;12.592424322926437;192538240;9.952412;
41.8827176313171;12.592578843994529;192541211;9.849134;
41.882944558538235;12.592723589242446;192544230;9.029508;
41.88316779035651;12.592865309129156;192547233;9.277213;
41.88336036246008;12.592994410456642;192550246;6.6346507;
41.88346848599025;12.593073147083903;192553236;3.740311;
41.88351587243957;12.593116290432372;192556193;0.8829981;
41.88356048160219;12.593179625110475;192609249;2.6119158;
41.88359226448382;12.593235552420861;192620231;0.9635507;
41.8836329636412;12.593296602878022;192623231;2.544251;
41.88372192607557;12.593337337038179;192626227;4.5551324;
41.8838686689483;12.593235526790039;192629220;7.618894;
41.884060816664075;12.593003806958839;192632220;9.6642885;
41.88424227510347;12.592737384000193;192635225;10.346585;
41.88435427966725;12.592399717026984;192638218;9.946911;
41.8844339879453;12.592041531303048;192641225;10.139361;
41.88453066312375;12.591718385208758;192644217;9.543964;
41.88473739870337;12.591456063392977;192647227;11.062282;
41.885023441237195;12.591293975138687;192650220;11.94481;
41.88533247296156;12.591126545902839;192653227;12.111873;
41.8856203358685;12.59095860556202;192656228;11.772168;
41.885916203633506;12.590783190410828;192659238;12.122053;
41.886222745786355;12.590643090266532;192702219;11.661955;
41.886532854217776;12.590600539178991;192705244;11.874044;
41.88687204784383;12.590623179593196;192708246;12.981566;
41.887223261843694;12.590648446329002;192711240;13.347008;
41.88760233440577;12.590679022856792;192714231;14.186686;
41.88798184899442;12.590711015601801;192717250;13.964348;
41.88836935508381;12.590744332386645;192720237;14.543745;
41.88875117465281;12.590777752162607;192723224;13.815184;
41.8891148159245;12.590805037067517;192726234;13.349947;
41.88946950222806;12.590828574206048;192729231;13.071394;
41.88980348696357;12.590855172812367;192732247;12.036522;
41.890107635665096;12.590883670243597;192735247;10.82138;
41.89031427080754;12.590925760815326;192738239;6.62284;
41.89048006752452;12.591060526163854;192741233;8.179934;
41.890572312887564;12.591395303912037;192744271;10.849022;
41.89056157310413;12.591801588391698;192747222;11.504861;
41.89054058520219;12.59223285688048;192750223;12.451652;
41.890517187458094;12.59271404973808;192753224;13.650288;
41.89049571597114;12.593228562884923;192756220;14.565986;
41.89047495273698;12.593766519179422;192759234;15.220289;
41.8904506083481;12.594343289385492;192802224;16.310568;
41.89042287222348;12.59495814424214;192805229;17.35548;
41.890394367381035;12.595597056740932;192808247;17.450594;
41.89036565166545;12.596207875590098;192811252;16.770336;
41.890339103515615;12.59682553743021;192814242;17.166712;
41.89031133535345;12.597452949639619;192817249;17.421202;
41.89028622736077;12.598054596222736;192820245;16.249132;
41.89026011650019;12.598641758648995;192823233;16.311333;
41.89023415299762;12.599237688594233;192826225;16.616072;
41.89022081285729;12.599834908968596;192829237;16.22528;
41.89028111718214;12.600424013831626;192832251;16.74324;
41.890457967094385;12.600990720562383;192835266;16.853024;
41.89072867194779;12.60147646406977;192838258;16.910803;
41.891087222775326;12.601883377295856;192841243;17.66933;
41.89146732600943;12.602260509648897;192844231;17.429789;
41.891836634022475;12.602629066453943;192847241;16.659004;
41.892184371777354;12.602981777123869;192850262;15.893876;
41.89249042145398;12.60329843096515;192853239;13.163992;
41.89270955467579;12.603531394304246;192856250;8.925549;
41.892839504096486;12.603734009016861;192859238;6.9976015;
41.89294173372441;12.603932733903537;192902236;6.476711;
41.893078105143296;12.604124521608117;192905234;8.005974;
41.89325425223571;12.604199170256447;192908251;6.874378;
41.89342935091636;12.60408991458679;192911241;7.711723;
41.89364141161528;12.603957949661412;192914242;9.168236;
41.89392233192487;12.604023079994482;192917230;11.406722;
41.89425865046756;12.604151409788267;192920233;13.751343;
41.89464135703477;12.604295350242088;192923231;14.991286;
41.895068325333526;12.604384889636224;192926252;16.553825;
41.89553509980523;12.604364011833383;192929229;17.666872;
41.89601783193605;12.604307856012905;192932246;17.75677;
41.89649123090152;12.60424991398627;192935238;17.739098;
41.896988325450614;12.60418471452859;192938247;18.758842;
41.89749333522167;12.604126780232322;192941241;18.465641;
41.89798891057235;12.604138342091915;192944254;18.445621;
41.89849039200803;12.604162829610111;192947241;18.73027;
41.89900026028133;12.604194518944766;192950234;19.094528;
41.899518467363784;12.604227851767552;192953256;19.314894;
41.900026558257814;12.60420675606;192956240;18.453835;
41.900494601880666;12.604047236795283;192959236;17.450525;
41.900933975301164;12.603846884927064;193002250;16.81037;
41.90137782805207;12.603732851471941;193005259;16.791107;
41.901831217126194;12.603643875639621;193008246;17.034996;
41.90227627737246;12.603465121010627;193011237;17.304878;
41.902694730923685;12.603210232710477;193014234;16.687761;
41.90309644128235;12.602958941545657;193017245;16.478605;
41.903497242568335;12.602712976291505;193020210;16.013498;
41.90387241041153;12.602476524049568;193023237;15.020559;
41.90420120910719;12.602288208140045;193026225;11.804194;
41.90445625701862;12.602177997396947;193029279;9.081757;
41.9046513331138;12.60212223338433;193032262;6.5169463;
41.904756234009156;12.602122311789639;193035250;2.040942;
41.90479865437635;12.602159338460577;193052227;0.7106193;
41.904835454115585;12.602224826663045;193056244;3.3400016;
41.90485763165543;12.602427273108798;193059229;6.7965026;
41.90486210459073;12.602711510661635;193102229;7.6384406;
41.904858435020536;12.602917401002317;193105239;3.8317602;
41.90485880313319;12.603012357417976;193108242;2.3863642;
41.90485568479209;12.603095421404738;193121251;2.7693512;
41.904856037585276;12.603241738685801;193124222;4.660192;
41.90485986621894;12.603462074176534;193127237;6.686701;
41.90486456374217;12.603767081419676;193130263;8.88343;
41.904864119616946;12.60405737665139;193133262;7.6164746;
41.90486218442572;12.604320532589348;193136252;7.131067;
41.90485178929596;12.604600474237294;193139254;8.06462;
41.904834285164085;12.604919229676137;193142250;9.24593;
41.904815760861034;12.605258596480247;193145259;9.69043;
41.90480264382063;12.605618466580797;193148248;9.636978;
41.90479745919103;12.605955181132098;193151249;9.102408;
41.90481128056565;12.606296308228172;193154250;9.6873255;
41.90483215645312;12.60665954043225;193157261;10.132527;
41.90484660593491;12.606978911359109;193200243;7.8398905;
41.90486053547231;12.607238684342377;193203238;7.029728;
41.90487622883458;12.607536934148747;193206278;8.813579;
41.9048945479517;12.607894197863985;193209242;10.440851;
41.90491587581452;12.60830007264094;193212235;11.342576;
41.90494278146575;12.608676632583991;193215244;10.290201;
41.90498179409345;12.609030669063737;193218213;10.252453;
41.90499495657035;12.609421205901828;193221237;10.806101;
41.9049515976716;12.60980190239821;193224225;10.416386;
41.90486387858427;12.61014247118161;193227214;9.793072;
41.90475620690595;12.610480010197962;193230243;9.9443035;
41.90464924823909;12.610811669981238;193233240;9.979968;
41.90455018185039;12.611124501714347;193236221;9.008062;
41.90445523328465;12.611426917379076;193239257;9.460031;
41.904347502266056;12.611784962174857;193242255;11.08405;
41.904228502682514;12.612164061726276;193245241;11.5858345;
41.90412025744468;12.612560170137854;193248220;11.519907;
41.90410114250369;12.612981416425932;193251257;11.950039;
41.90417578970224;12.613386164094017;193253905;11.264557;
41.90426873052904;12.613745314995091;193256904;10.060359;
41.90432506360315;12.614087952247985;193259922;9.677347;
41.90430896169762;12.614389921925328;193302917;7.4886193;
41.90427439889878;12.614607054832307;193305952;5.713534;
41.90423903545464;12.614781522362025;193308926;4.377682;
41.90421524876654;12.614886404189424;193311916;2.697866;
41.904193981966394;12.614993814520652;193314943;4.0365024;
41.904169052886964;12.615204910452116;193317948;6.502707;
41.90415590074169;12.615434843222545;193320926;4.96996;
41.90415741886185;12.61568687439892;193323931;8.46676;
41.90421130865202;12.616092147238295;193326932;11.462353;
41.90433707347461;12.6165160101066;193329953;13.008156;
41.90451607239862;12.616949899759813;193332944;13.341406;
41.90471419278292;12.617350104117268;193335932;13.16824;
41.90491924136375;12.617728719891735;193338937;12.546537;
41.90514590073597;12.618089019711334;193341931;11.651436;
41.90536733319559;12.618384874975954;193344961;11.631465;
41.905603274640185;12.61869393426183;193347932;12.119517;
41.90580253181449;12.61903973836521;193350938;11.936092;
41.90599822143513;12.619396457969701;193353953;12.303785;
41.90620156609435;12.619757954709925;193356951;12.611362;
41.90641419885606;12.62009600812471;193359949;11.291418;
41.906593797301554;12.620434296564525;193402942;11.84958;
41.90669932580225;12.620862905957663;193405932;12.890768;
41.90675406423093;12.62133085392144;193408945;12.735327;
41.90681147689057;12.621808480912549;193411918;13.562477;
41.90687497224285;12.622289215970332;193414940;13.5043335;
41.90695330177587;12.62275144626614;193417924;12.688949;
41.90700997299549;12.623195828138826;193420938;12.091117;
41.90704899123071;12.62360913847239;193423932;11.314045;
41.907075524012896;12.624018149846743;193426944;11.263025;
41.907132891070844;12.624440725272894;193429946;12.252561;
41.907210710338454;12.624881865325749;193432936;12.352314;
41.90730077351199;12.625319578689595;193435939;12.733862;
41.907411169992415;12.62576929872076;193438940;13.071509;
41.9075617300451;12.626215769832863;193441937;13.184975;
41.907721774431806;12.62663170536257;193444950;12.631188;
41.9078810116987;12.627058235129807;193447939;13.453712;
41.90807730720141;12.627483506444364;193450945;13.895812;
41.9083624164019;12.627821677327912;193453941;14.315377;
41.908683561037364;12.62812262324153;193456949;14.516565;
41.90889518001703;12.628578496419422;193459934;15.328519;
41.90905066409509;12.629134674894644;193502939;16.744768;
41.90920192426118;12.62974127068936;193505938;18.027805;
41.90935785917823;12.630369460874228;193508961;17.993944;
41.909518409764594;12.630994987697893;193511945;18.417904;
41.90968028042754;12.63162234381118;193514939;18.014828;
41.909881454573984;12.632194504993983;193517942;17.078276;
41.91010044958702;12.632716202058571;193520943;16.197233;
41.91029589870937;12.633217344463203;193523906;15.345322;
41.91044839980127;12.633739134573288;193526902;15.521904;
41.91047050534864;12.634299176779946;193529909;15.293084;
41.91043081722996;12.634847866707208;193532946;15.3652115;
41.910449192556406;12.635389437587081;193535952;14.606573;
41.910485953254906;12.635914628140286;193538947;14.533518;
41.9105631656777;12.636425164715993;193541946;14.882785;
41.910704788493376;12.636905628707726;193544939;13.682539;
41.91080427281315;12.637348284690747;193547961;12.164842;
41.910808132066606;12.637797087033784;193550936;12.7965;
41.910773012575795;12.63826200616337;193553945;12.746115;
41.910784561919186;12.638710571275714;193556944;12.390573;
41.910844840329;12.639152392898856;193559940;12.326286;
41.91095249652572;12.639507788647812;193602969;8.299761;
41.910979206621214;12.63956984010809;193605951;0.0;
41.91101245947588;12.639646695083064;193609950;3.5854146;
41.91105738043239;12.63977241786243;193612947;3.2758367;
41.91108615277071;12.639935236578;193615910;5.594889;
41.911213679036656;12.640145708712648;193618918;8.213297;
41.911370886000796;12.64038374482088;193621938;8.805703;
41.911487445382235;12.64066557915812;193624949;9.595492;
41.91157666324768;12.641026965513218;193627957;11.206104;
41.91162856633797;12.641462264681374;193630938;12.5551195;
41.91162880878566;12.641929615399828;193633934;12.597772;
41.91160173638008;12.642395329900195;193636961;13.087426;
41.91155836654795;12.642853641251023;193639933;12.370254;
41.91150927324862;12.643296780035568;193642948;12.191585;
41.91147412432282;12.643745407582237;193645918;12.641471;
41.911454194955205;12.644215743926967;193648911;13.088982;
41.91143978113847;12.644697440083913;193651919;13.396043;
41.911428532739286;12.645177793298286;193654950;12.730867;
41.91142792757887;12.645624203909412;193657940;12.5220585;
41.91143619354775;12.646084949290062;193700951;12.754527;
41.91144633483347;12.646545304192967;193703941;13.335914;
41.91151111051194;12.647014741447514;193706937;13.018777;
41.91162385387212;12.647480668520688;193709938;13.663615;
41.911790956014414;12.647896351606507;193712948;13.616129;
41.91200711971711;12.648301723356685;193715981;13.786623;
41.912216627491674;12.64867556949277;193718944;11.902506;
41.912337642476146;12.648949603305502;193721936;7.633059;
41.912294644471466;12.649196238858972;193724909;7.635241;
41.91221407787226;12.649417199776714;193727925;6.507753;
41.9122770970322;12.649637153539445;193730936;6.755589;
41.912445872434404;12.64967110943761;193733934;6.351545;
41.91259408263862;12.64955946374015;193736937;6.2401032;
41.912760592348164;12.649500799201434;193739943;7.1949625;
41.91298613212423;12.649627164754742;193742934;9.868626;
41.91323118019636;12.64979094428187;193745944;10.606569;
41.913501411492994;12.649960946554126;193748949;11.524102;
41.91378743148259;12.650111895551143;193751933;11.227223;
41.914070424174405;12.650235518947353;193754941;10.761877;
41.914307201369205;12.650342227105005;193757951;8.460293;
41.91445759318925;12.650528769928975;193800953;7.3921337;
41.9144894483753;12.650786905460574;193803962;7.7006493;
41.91461330007632;12.651010575425701;193806965;7.8498573;
41.91481973222847;12.65096929876079;193809948;8.123579;
41.914998628460765;12.650818573941505;193812948;7.664766;
41.91520661221398;12.650955688975026;193815944;9.673754;
41.915447451643786;12.651235476163702;193818950;12.91997;
41.91576500036008;12.6515671452485;193821956;15.597857;
41.91615196548626;12.651883399775928;193824962;16.987377;
41.91657649495755;12.65213159083218;193827964;17.360193;
41.917036705677276;12.652313401665909;193830917;18.150133;
41.91753535848189;12.652439346163245;193833958;19.007927;
41.91804312105621;12.652576757669266;193836959;19.285736;
41.91853572018408;12.65283330290207;193839968;20.766853;
41.9189600610641;12.653303554738258;193842904;19.62393;
41.919187402583994;12.653876906858981;193845941;18.542437;
41.9193145247647;12.654525670581503;193848913;18.514645;
41.91940200797219;12.655194596460623;193851954;18.265373;
41.919465014940904;12.655870865083667;193854944;19.59664;
41.91954969228798;12.656594038932198;193857962;21.597263;
41.919707979263556;12.657393955118032;193900957;22.866463;
41.91991921060166;12.658195028976095;193903954;23.460052;
41.92015689242833;12.658949278729303;193906941;22.05375;
41.92037857094406;12.659654102730194;193909975;20.57944;
41.92057349262729;12.660302981184682;193912959;18.466974;
41.920720424361946;12.660816625483852;193915952;13.37201;
41.9208167156519;12.661160133059617;193918958;8.872791;
41.92086774854809;12.661332725438594;193921952;3.3402963;
41.9208919432281;12.661397338619873;193924961;1.4498055;
41.92091663958113;12.661459868188043;193928950;1.2597333;
41.9209373951365;12.661522610325314;193936951;0.6768997;
41.920967225602865;12.661605863241226;193940944;2.856915;
41.92100219613542;12.661715089098038;193943985;2.955886;
41.92103216405336;12.661801508948118;193946944;2.5320365;
41.9210646983326;12.66189193726436;193949952;2.6171486;
41.921086866579934;12.66195555628724;193953951;1.247272;
41.921117085663354;12.662037947708559;193957959;2.6825767;
41.921149362769214;12.662122891783035;194000945;2.4921618;
41.92118614794425;12.662222620264926;194003946;3.2156808;
41.92122074038204;12.662316496145966;194006964;2.621054;
41.92125187743268;12.66238894616485;194009961;2.0684364;
41.921280630133495;12.66244691313641;194014939;1.4609506;
41.921316907850276;12.662530193334678;194017941;2.8996687;
41.92134279862573;12.66259805378001;194020949;1.0334611;
41.92136592107024;12.662660678196465;194032937;1.4108603;
41.921395082088104;12.662729196055645;194035939;2.290873;
41.92142324840683;12.662804838507437;194038937;2.4548423;
41.921449885450166;12.66288327942612;194041965;2.212983;
41.921467025111575;12.662941538758792;194136937;0.5266255;
41.92149434709344;12.663016425058766;194139930;3.143049;
41.921528509142064;12.66312198875417;194142957;2.446962;
41.921546562319136;12.663181735100888;194146944;0.6541666;
41.92157145342001;12.663248243448404;194221948;1.1550417;
41.92159647084844;12.663329581858617;194224947;2.8036075;
41.92162275766652;12.663423336264861;194227947;2.802198;
41.92165411343856;12.663525874740126;194230938;2.0207727;
41.9216691665378;12.663589139622289;194237945;1.006021;
41.92168865287641;12.663663089758662;194240965;2.7406495;
41.9217143954209;12.663779135235405;194243970;3.5675273;
41.921738432943656;12.663913349058626;194246942;3.837749;
41.92175844922425;12.664059591362456;194249948;4.292998;
41.92177119496548;12.664187005208259;194252903;3.0126953;
41.921777034074005;12.664299084501781;194255952;3.4226947;
41.92178329836542;12.66445452615056;194258948;4.85345;
41.92179412964598;12.664644483737918;194301948;4.9621186;
41.92180863848812;12.66480380616265;194304943;4.3974557;
41.92183245913345;12.664976658563294;194307955;4.9610004;
41.92187226779208;12.665142183720354;194310966;4.91279;
41.92193337934426;12.665306937770302;194313958;5.255309;
41.92202437880816;12.665485604487033;194316954;6.322847;
41.92213849038689;12.665666647079117;194319934;6.747016;
41.922251290805605;12.665866947609086;194322907;6.644104;
41.922309947276005;12.666112074130526;194325948;7.5581775;
41.922316038270964;12.666254909898688;194328938;1.0369229;
41.922317836018244;12.666317479654406;194341948;2.5370207;
41.92231215064175;12.666386279143627;194344968;1.6827354;
41.9222971454091;12.666473017598644;194353944;2.5931692;
41.92227560316667;12.666614322369043;194356941;4.224462;
41.922258752786064;12.666749045922492;194359947;3.6095004;
41.92225039382899;12.666848367710042;194402932;2.2536793;
41.922249892243514;12.666917253949928;194405931;1.9051595;
41.92225034647769;12.667004073476026;194408940;2.657124;
41.92223998182138;12.667101526835843;194411951;2.305189;
41.92219598586453;12.667192526856358;194414921;3.9439778;
41.922146917940466;12.667395030246917;194417939;6.725493;
41.92222673964745;12.667610574290054;194420938;6.735471;
41.92239965905708;12.667647916149974;194423890;7.446272;
41.92262724923221;12.667644358109657;194426951;9.402008;
41.922911789862816;12.667777119070205;194429946;11.769607;
41.92320991376016;12.667922562524977;194432940;11.653103;
41.92350696329365;12.66805377625133;194435956;11.57741;
41.92377142435748;12.668199918078335;194438967;9.997288;
41.92391899757787;12.668464885351415;194441949;9.705479;
41.92385574377061;12.668777053891572;194444952;5.7867417;
41.92380515729892;12.66885078893493;194447938;1.5875063;
41.92377331488161;12.66891370238937;194450940;2.8232448;
41.92378578061063;12.668988245317484;194453935;2.3411942;
41.92383488879169;12.668971624020086;194459946;1.4419017;
41.923849154490696;12.66886057433057;194502941;3.6373158;
41.923890571300575;12.668699200858413;194505948;5.08274;
41.92393949236767;12.6684815668138;194508943;6.93011;
41.92388342867784;12.668243057490614;194511948;6.8238745;
41.92371733100138;12.668091360278366;194514945;8.0239725;
41.92348947924389;12.667978729205759;194517941;9.379083;
41.92323233689676;12.66785278887921;194520945;10.313288;
41.92296358242623;12.66771956276604;194523963;10.447084;
41.92271845782353;12.667597702553739;194526931;8.874737;
41.92257892577108;12.667517680627016;194529930;4.1843657;
41.922500795486826;12.667454089389423;194532940;3.1963422;
41.92241200670575;12.667364077524315;194535930;5.187242;
41.922299843520996;12.667220637289708;194538933;4.9451213;
41.922257588925326;12.667182506557296;194543948;1.2808175;
41.922209166238794;12.667170263168162;194546936;1.7740151;
41.922133743451006;12.667226794885657;194549939;4.3611546;
41.92210548389023;12.667452028921444;194552938;7.493002;
41.92207180988383;12.667756390280333;194555949;8.74969;
41.92190610983308;12.667992665341723;194558956;9.480577;
41.92168505741002;12.668095704553691;194601951;7.550733;
41.921534663577916;12.668119476961923;194604949;4.4475;
41.921473018996664;12.668126167689024;194607949;1.4869208;
41.92142033417142;12.668130494952752;194611965;1.5824476;
41.92136356126467;12.668135696949888;194615959;1.6055878;
41.92128756799193;12.668148323047205;194618936;4.0794706;
41.921124209791415;12.668181432191632;194621958;6.0805745;
41.92102422930427;12.668194043472331;194624950;2.7261112;
41.920967033853444;12.66820149679835;194627961;2.0768626;
41.92091765390086;12.668212166881453;194630952;1.6161561;
41.92085751465222;12.668228417449924;194634947;1.8938676;
41.9208123212658;12.668250557548205;194637947;1.8603228;
41.920767792317875;12.668281631511096;194640955;1.9258814;
41.92072710771004;12.668312634733883;194643952;1.7227093;
41.920687306904526;12.668346009574229;194656987;0.57969683;
41.92062780551726;12.668386535299058;194659926;3.2928686;
41.92051503935685;12.668462910441947;194702973;5.6703157;
41.920377437149334;12.668557761565575;194705934;5.563102;
41.92025179884373;12.668638310125528;194708936;4.789318;
41.92015944298396;12.66869862789339;194711939;3.5274267;
41.92007805399177;12.668756290005247;194714936;3.2932353;
41.92002212273763;12.668792651801224;194717930;1.1184573;
41.91995573539997;12.668823392305912;194730952;3.1106114;
41.91985841638268;12.668898613919072;194733952;4.989055;
41.91973893128864;12.668987659296088;194736953;5.1959615;
41.91964952332784;12.669059776326355;194739949;1.956083;
41.91957115418624;12.669127815993184;194742952;4.87102;
41.91945571160486;12.669234497801076;194745952;4.93716;
41.91935333397322;12.669327214500004;194748942;4.242708;
41.91924011996274;12.669392303651074;194751950;4.270297;
41.91917282067555;12.669441246565563;194754955;1.577876;
41.919117055999635;12.669485377244877;194805935;2.5323732;
41.91904392315996;12.66954213157985;194808936;3.4195676;
41.91894010841901;12.66961478022675;194811931;4.343789;
41.91888909470575;12.669647417182444;194814972;0.61874616;
41.91884721329851;12.669679554526397;194827955;0.64595664;
41.91880424252104;12.66971805058169;194849972;1.9035884;
41.91874196649138;12.669761146809783;194852961;2.6614776;
41.91867773530563;12.66980483102733;194855948;2.6028547;
41.91863364718004;12.669834819759163;194858966;0.9935195;
41.918573869899305;12.669873852549696;194911954;2.717119;
41.9184950179646;12.669927096309667;194914947;3.4396937;
41.91839713528755;12.669987852672953;194917953;3.9124157;
41.91833217735366;12.670031726010865;194920949;1.7558368;
41.91828104150977;12.670065037000974;194924946;1.8434607;
41.91822904102365;12.670103757354433;194927955;2.2154677;
41.918179141090704;12.670142195085825;194930941;1.9669894;
41.91813728584956;12.670174979332515;194959968;0.5856891;
41.918092226785994;12.670218874857104;195005951;1.1623869;
41.918054648899734;12.670266942006718;195008956;1.8318379;
41.91802482608055;12.670318151769827;195018961;0.85998195;
41.91798542312138;12.670383988746744;195043943;2.1115844;
41.917924842716154;12.67048782492896;195046952;4.2530556;
41.917833806587176;12.670590992597116;195049945;4.249127;
41.9177400435603;12.670678321798771;195052962;4.100222;
41.917656845999495;12.670743771416074;195055946;3.3057377;
41.91758388882892;12.670787383243107;195058956;2.8462422;
41.917494580473786;12.67083554750458;195101950;3.7170253;
41.917391919060485;12.670889165117526;195104950;4.197115;
41.917295517957115;12.670924545787006;195107959;3.190404;
41.91723391709349;12.670937974385383;195110955;1.8829206;
41.91718786855788;12.670943871468605;195120935;0.80972713;
41.917139665876604;12.670949807016981;195130959;2.5272825;
41.91706966929572;12.670951466932891;195133954;2.3166027;
41.91702385094645;12.670949248488359;195136960;1.4216855;
41.916968451279786;12.670930626134322;195144971;0.6468602;
41.91691730715441;12.67092088767496;195148941;1.0565125;
41.91686571689926;12.670914716811893;195158954;2.4032857;
41.91681917339229;12.670899939702133;195201942;0.8572072;
41.91676774527395;12.67089287574925;195208943;1.3675578;
41.91673365774564;12.670937086229568;195211957;3.004831;
41.916803179744356;12.671106653578441;195214939;6.5932627;
41.91696317563406;12.671347260808831;195217946;10.039039;
41.91714408604573;12.671607390554351;195220945;9.6307125;
41.917288412753116;12.671899122708682;195223951;10.106968;
41.91741225707002;12.672248647151193;195226947;11.02427;
41.917547052361265;12.672614714485844;195229937;11.324062;
41.91767211857042;12.67297388011976;195232911;10.870806;
41.917806203986;12.67329243265628;195235941;9.605484;
41.91796797223151;12.673522783076603;195238966;8.809385;
41.91812266351706;12.673687905202538;195241949;3.9623864;
41.918168244721485;12.673735630455946;195244930;1.939063;
41.918219595020474;12.673790938564514;195247929;1.5637554;
41.91825955477102;12.67382762381953;195301950;0.65332705;
41.9183026096015;12.673872187580821;195305927;2.0659094;
41.91835957933074;12.673938888699762;195308969;3.0196843;
41.91844011661315;12.674037464603945;195311958;5.4028583;
41.91862950985316;12.674165911340019;195314957;8.653942;
41.91886355456193;12.674354101670128;195317948;10.123645;
41.91900713537974;12.674474094272725;195320944;3.9256618;
41.91905356114372;12.674512683418136;195323973;1.4729509;
41.9191058684828;12.674557626476949;195329944;2.0125947;
41.91914626355179;12.674593041162327;195332936;1.2814354;
41.9191944623397;12.674647693856961;195344967;1.9342552;
41.91924744559867;12.674709684197946;195347941;2.6964302;
41.919307647110706;12.67477766732987;195350957;3.5993114;
41.91942122444479;12.674838302156967;195353944;5.0111804;
41.919600577582926;12.674923296464408;195356953;7.566024;
41.919819158523694;12.674971083495546;195359951;8.438253;
41.9200638713374;12.675029257024642;195402973;9.348897;
41.92032114774712;12.675152731511227;195405952;10.673972;
41.92057485885341;12.67533337195012;195408953;10.492167;
41.92084425900722;12.675429284379254;195411942;9.382061;
41.92108443418055;12.675316498344863;195414949;9.544527;
41.92127326763933;12.675177802218522;195417943;7.2219667;
41.92146851651552;12.675076306278378;195420951;6.5914335;
41.92160878006155;12.675182034891554;195423954;6.322807;
41.9216594433078;12.675462281087274;195426921;9.332288;
41.92173564220686;12.675823370563906;195429958;11.113768;
41.92184687037703;12.676205919116985;195432950;11.196376;
41.922000184882265;12.676513327641167;195435935;9.8370905;
41.92206428665607;12.67680948492712;195438952;8.367236;
41.92187689594482;12.677027965672833;195441949;10.292977;
41.9215820886315;12.677199736001937;195444948;13.143683;
41.92124740980795;12.677396707853262;195447954;12.917296;
41.920949497151696;12.677767963088911;195450948;16.487295;
41.92065874185288;12.678221200717399;195453935;15.909492;
41.920378744140066;12.678666255738321;195456907;15.812749;
41.92014572526014;12.67915284473245;195459916;15.857814;
41.91992290148596;12.679652463580297;195502934;15.738022;
41.91971795886384;12.680146123517805;195505939;15.310626;
41.91961096274406;12.68066967853131;195508943;14.695377;
41.91955127308322;12.68116387063463;195511950;13.059624;
41.91938381299927;12.681550907157053;195514906;12.437056;
41.919050637133836;12.681717290041963;195517916;13.608129;
41.91867465937694;12.681833185217743;195520915;14.6815605;
41.918295146680116;12.681905569898742;195523959;13.567567;
41.91796806992234;12.681934541073598;195526965;11.419763;
41.917744659349566;12.682049083948494;195529939;8.690371;
41.91768294890079;12.68238129305647;195532946;10.08216;
41.9176483155363;12.68277732593748;195535960;11.13354;
41.91760820680837;12.683165379180231;195538943;10.834346;
41.917541866728726;12.683559082109596;195541950;11.055974;
41.91735269202312;12.683869149656777;195544937;11.506964;
41.917078152170525;12.684073489558315;195547957;11.198215;
41.91680530758857;12.68424968148863;195550945;11.491646;
41.91650652725876;12.684426241465754;195553952;12.017266;
41.91622754088499;12.684601787831129;195556948;11.269809;
41.91594051557292;12.68478448627473;195559939;11.981833;
41.915646170505816;12.684979497350582;195602939;12.195621;
41.915337767963834;12.68517607781287;195605950;12.830788;
41.915015552348905;12.685384261069942;195608947;13.381299;
41.914684084653366;12.685595894248353;195611946;13.669171;
41.914342782951785;12.685810105905576;195614954;14.042327;
41.91401572552601;12.68601590519973;195617948;12.9730215;
41.91370791638416;12.686210067379582;195620945;12.613404;
41.91338768203844;12.68641143484304;195623957;13.3532715;
41.913055459166024;12.686625705116446;195626957;13.773746;
41.912754668440066;12.686812163658935;195629937;10.735085;
41.91259144265923;12.686915104255027;195632941;4.517344;
41.91254293453396;12.68694706534188;195635979;1.2311088;
41.912498370063986;12.687005051884057;195649944;2.310615;
41.912508618917286;12.68714901380031;195652950;5.239325;
41.91261392990057;12.687422158392534;195655954;10.379849;
41.912786145863954;12.687806880109408;195658931;13.4056635;
41.91297868510365;12.68822982390762;195701955;13.571477;
41.91316291587074;12.688657609512848;195704917;13.701454;
41.91334808541349;12.689086164282612;195707959;13.606941;
41.91349154315646;12.68941634987416;195710946;8.4930105;
41.91356941063999;12.689522561504559;195713955;3.3172402;
41.913620814730926;12.689498990677093;195716950;0.71587366;
41.913666463524;12.68946526961399;195739950;2.1586394;
41.91371153540604;12.689431168851112;195742944;1.6322043;
41.91375995409064;12.689382529711597;195746960;2.2243247;
41.9137431245637;12.689314954482041;195757940;2.680603;
41.91372550332469;12.689229445665637;195800976;2.4242463;
41.913740517574574;12.68931029171887;201107886;0.8177914;
41.913668008709145;12.689270765727956;201244948;0.81703156;
