41.9136038705011;12.689849446067212;075702753;0.0;
41.91368241702789;12.689894986490662;075715764;0.0;
41.91349510755971;12.68923241478169;081211875;0.29285833;
41.91354045303307;12.689210157222945;081223867;0.22785114;
41.91358565951741;12.68921586373985;081242905;0.26437315;
41.91355061017019;12.689256551143538;081305868;0.010197311;
41.91358399744505;12.689298824760373;081322865;0.5194768;
41.91362677575681;12.6892304256574;081412871;0.023987021;
41.91360938617409;12.689290802770662;081434896;0.048691053;
41.91356487378193;12.689280967036975;081454906;0.27049083;
41.913610020875645;12.689279020799766;081554886;0.011843311;
41.91365428156549;12.689294308799042;081606903;0.09344315;
41.91370396094724;12.689310396280165;081630905;0.13423207;
41.913581791367974;12.689316958462095;081813914;0.35287666;
41.91364831449848;12.689332391732602;081816895;0.21160771;
41.91359178806109;12.689351537595092;081823923;0.04193597;
41.91353703317876;12.689361196002617;081832939;1.2351599;
41.91348677189489;12.68934324073034;081836903;1.2011191;
41.91344460499809;12.689318131259363;081840899;1.2242904;
41.91340696892839;12.689278269716835;081845898;1.1161529;
41.91335676952417;12.689278161691638;081850883;1.0289677;
41.9133037750757;12.689272177035942;081855914;1.030826;
41.91333256567303;12.68931998007951;081956868;0.3503534;
41.91339188332547;12.689299984159168;082003938;1.6506742;
41.91342639108372;12.689260014315678;082008842;1.2715051;
41.91342168827445;12.689144555395952;082011947;1.6249043;
41.913350038834;12.688961479617685;082014887;2.5688207;
41.9132483790209;12.688721189062333;082017910;8.350868;
41.91311986498854;12.688415621327477;082020900;10.308583;
41.91297377105482;12.688084631197922;082023910;10.612184;
41.91281298323913;12.687745638985454;082026911;11.3941;
41.91266062417811;12.68738818592646;082029883;10.970688;
41.912554737564335;12.68713078640586;082032850;6.143935;
41.91253093739348;12.6870579762105;082035855;0.6295122;
41.91246105272766;12.687028023049837;082040906;4.39942;
41.91232314258779;12.687087697699356;082043930;5.9843864;
41.91213130649944;12.687210986207049;082046853;8.803828;
41.91189216996182;12.687364540092418;082049844;9.7644615;
41.91163317966501;12.687532470407557;082052911;11.057179;
41.91133808746792;12.68771808032541;082055911;12.738333;
41.91100693636555;12.687931994074054;082058908;13.942527;
41.910668406817635;12.688157719919976;082101921;14.108989;
41.910324353874074;12.688383970410136;082104964;14.132581;
41.90998979097014;12.688597470893686;082107897;13.37285;
41.90967157882608;12.688809573626248;082110906;13.414701;
41.90935926154486;12.689066757463737;082113919;13.689793;
41.90904299231154;12.689341685692394;082116910;14.137658;
41.908725945376084;12.689616051815696;082119936;13.917282;
41.90842490815345;12.689870125133552;082122892;12.667674;
41.90815998001024;12.690100156081987;082125910;11.177673;
41.90792378308283;12.690289022502519;082128909;9.658937;
41.90772351950571;12.690460340386265;082131848;8.415921;
41.90753454426476;12.690627467107507;082134899;8.554624;
41.9073454540756;12.690790900702446;082137903;8.490758;
41.90715029066686;12.690954626417682;082140905;8.4743;
41.90696455440552;12.691110038623759;082143944;8.046197;
41.90678688487495;12.691261914551827;082146876;7.6425405;
41.90661526101483;12.691406611801487;082149908;7.4341025;
41.90645012021994;12.691544924053655;082152863;7.0102572;
41.906306376960515;12.691665810193333;082155922;5.8459163;
41.906131604987415;12.691812383533156;082158893;8.680368;
41.90589780744897;12.692007771030836;082201908;10.619504;
41.905629520416454;12.692233501032778;082204896;12.338767;
41.905329131216526;12.692491831207652;082207943;13.530622;
41.905029549135364;12.69276964077687;082210914;13.527549;
41.90475986927133;12.693131331875158;082213942;14.259147;
41.904494088946855;12.69353237934041;082216895;15.116274;
41.90421144152877;12.69394652529805;082219903;15.769093;
41.90391882013877;12.694370333891921;082222907;15.8331;
41.903634258765585;12.694784021227706;082225889;15.47205;
41.9033559820577;12.695193211315697;082228910;15.100343;
41.90308350616736;12.695588736766378;082231879;14.806748;
41.90281610531707;12.695980236716405;082234902;14.641536;
41.90254753053492;12.696354566195328;082237942;14.207438;
41.90229494730774;12.69673996190509;082240873;14.081143;
41.90204448010939;12.69711979811111;082243931;14.040118;
41.901781209276606;12.697494050865101;082246885;14.298096;
41.90151711222029;12.697867759017331;082249908;13.952254;
41.90126390865463;12.698230891951697;082252919;13.719412;
41.90101049217662;12.698601118685133;082255925;14.00142;
41.90074408413086;12.698972672587923;082258898;14.430063;
41.90047424498967;12.699362183869367;082301918;14.779966;
41.90020359752182;12.699751625131293;082304903;14.452735;
41.899949157130294;12.700125028588422;082307880;13.938243;
41.899697182185385;12.700497443465041;082310924;13.754966;
41.8994454024275;12.700866735769479;082313903;13.819528;
41.89917993773938;12.701201095815286;082316920;13.406978;
41.89885789873494;12.70145932734729;082319897;14.072598;
41.89850950542515;12.701657455296063;082322886;14.034256;
41.898152695179476;12.701838194726175;082325930;14.061514;
41.89780172701285;12.702015946730715;082328903;13.9808235;
41.89745192159722;12.70217572137668;082331868;13.601188;
41.897087871098826;12.702245812711578;082334881;13.667066;
41.89672583098705;12.702213555394696;082337902;13.12664;
41.896401637146965;12.702121713972543;082340897;11.566561;
41.896122284938;12.702105910820485;082343898;10.098329;
41.89585750338501;12.70224952081996;082346916;10.952461;
41.89558491933604;12.702430442889762;082349893;11.1764345;
41.89533844337169;12.702581988453227;082352875;9.455227;
41.8951612431447;12.702671944382923;082355913;5.667545;
41.89501823634659;12.702655239012694;082358902;6.189327;
41.89482395194473;12.702510764975374;082401911;9.208118;
41.89457525298839;12.702314177402096;082404920;11.256961;
41.89430712275621;12.702095139097485;082407902;12.11497;
41.89400815881872;12.701854716481979;082410924;13.414264;
41.89367062107611;12.701593774354658;082413882;14.996894;
41.8933032684734;12.70132319479063;082416929;15.909814;
41.892901975441376;12.701067667528683;082419916;16.642292;
41.892489540363904;12.700865588716988;082422883;16.001213;
41.89209457512545;12.700704735562336;082425921;14.487163;
41.89179030207826;12.700466113450856;082428910;13.236229;
41.89160750493723;12.70002429383126;082431905;14.300698;
41.891446986008255;12.699525112563204;082434897;15.353712;
41.89128449430599;12.699015867134154;082437926;15.291515;
41.89111408327954;12.698499761022475;082440902;15.756741;
41.89093167129604;12.697988257734412;082443880;15.596721;
41.89074236157017;12.697498908047443;082446887;14.878635;
41.890566978031096;12.697041532977284;082449885;13.7643385;
41.89048517807862;12.696553917139347;082452885;13.903183;
41.89043602040213;12.696035610072137;082455901;14.187413;
41.89036829088705;12.695569544214008;082458869;12.126053;
41.890277963784015;12.695219811422378;082501932;8.248961;
41.89018899789233;12.69502022402173;082504886;6.1443076;
41.889994162343356;12.695076185977172;082507889;8.275116;
41.8897432000103;12.69522317188279;082510916;11.20058;
41.88946173698312;12.695398639160956;082513886;11.885572;
41.88918449595054;12.695547818016651;082516932;10.500249;
41.8889748014815;12.695656655212476;082519908;6.469642;
41.888869487468206;12.695702677556843;082522893;2.4993217;
41.88880750681326;12.69572039931073;082611879;3.2630398;
41.888660215823904;12.695761582974528;082614906;6.163119;
41.88845054784945;12.695810993156869;082617907;8.75522;
41.888174073794346;12.695866094587464;082620908;11.071022;
41.88786058479378;12.695923235937665;082623899;12.214894;
41.88750082347029;12.695932263937522;082626917;13.818412;
41.88710487687954;12.695898848640875;082629898;15.123349;
41.88669086792233;12.695862479632753;082632886;15.700308;
41.88626035361375;12.695822109475367;082635900;16.177029;
41.88581639735987;12.695774599486448;082638912;16.520096;
41.88537272584934;12.695723537783648;082641913;16.47742;
41.88493007322411;12.695668040596836;082644907;16.4621;
41.88448694297413;12.69558139796003;082647934;16.698044;
41.884032547765194;12.6954680392441;082650889;17.307728;
41.88356444177121;12.69533506463285;082653918;17.973982;
41.88308766492175;12.695198923488011;082656911;17.768663;
41.882608208449334;12.695088401173674;082659896;18.08458;
41.88211901582476;12.69495506263509;082702895;17.98737;
41.8816478861665;12.69481722095355;082705901;18.098932;
41.881172252160894;12.694680072484838;082708903;17.9514;
41.8807097898268;12.694489114250338;082711919;18.056568;
41.88025034880969;12.694245740101941;082714927;18.276005;
41.87978676334649;12.693995716168457;082717887;18.636658;
41.87931264500724;12.693737924806259;082720907;18.999908;
41.87883296515096;12.693476982365619;082723909;19.318777;
41.87834134790998;12.69322642402379;082726894;19.765394;
41.87783656852445;12.69295205803033;082729892;20.140942;
41.87735072840041;12.692684006009008;082732904;18.9618;
41.8768810806093;12.692434628483777;082735891;18.401442;
41.87642978290666;12.692188251122984;082738910;17.791397;
41.87601700833486;12.691956585035744;082741905;15.845917;
41.8756730571228;12.691770030288858;082744879;12.387433;
41.8753802071243;12.691642136624875;082747899;11.084751;
41.87509274664768;12.691556490724;082750886;10.875639;
41.87483440604959;12.691483088988527;082753900;9.141108;
41.87459977737279;12.691415986211142;082756897;9.393036;
41.874335356718824;12.691344649901803;082759902;10.081443;
41.87406711181671;12.69127283677681;082802847;10.076765;
41.87379135943296;12.691198589638606;082805913;10.579489;
41.87351418151005;12.691123594692113;082808898;10.259099;
41.873222065010864;12.691044009553329;082811924;11.573241;
41.87289112949523;12.690972912947492;082814909;13.290161;
41.872494436727784;12.690856388717082;082817926;15.721426;
41.87206449198363;12.690714721633967;082820910;16.697527;
41.871606306645475;12.690568198228727;082823898;17.61704;
41.87113347511969;12.690417869833164;082826898;17.938452;
41.87067942167805;12.690268139082738;082829911;17.270239;
41.870229344079874;12.690120340431216;082832885;17.067968;
41.86981289674615;12.689985809228682;082835930;15.277664;
41.86948369273981;12.689874719080139;082838865;10.218022;
41.86932841449578;12.68976905689868;082841925;6.099211;
41.86913212515374;12.68966578091323;082844907;9.181668;
41.86887048626512;12.689573691837827;082847276;10.598079;
41.86858185597743;12.689472447790127;082850282;11.402055;
41.86829227573609;12.689379205240982;082853302;10.25139;
41.86807505895394;12.68929879641874;082856294;7.3093038;
41.867996007934174;12.6891267465449;082859265;5.6825356;
41.86803418629969;12.688899203677664;082902279;7.0814147;
41.86809654747765;12.688633653759318;082905274;8.284815;
41.86813580609096;12.688314402274742;082908288;9.3597145;
41.86817888065662;12.687997074609306;082911279;8.897581;
41.86822648149941;12.687676448817918;082914273;8.765641;
41.86819175880029;12.687457451314769;082917269;5.769493;
41.86802274915658;12.687290909282044;082920289;8.938248;
41.86782335317238;12.68707661074607;082923276;9.783519;
41.867595696617535;12.686845406072404;082926274;10.418305;
41.86738881393244;12.686626915486816;082929269;8.861459;
41.867210777427395;12.686446526909421;082932280;8.358701;
41.86702768529173;12.686243503806285;082935268;8.717828;
41.86688093214704;12.686080904655453;082938289;5.7897687;
41.8668231600343;12.686015434307901;082941280;1.5730777;
41.86675332036806;12.685942337016664;082944308;4.812006;
41.86660755557511;12.685858219002228;082947302;7.121217;
41.86641710613342;12.685800152636345;082950277;6.4381633;
41.8663301018172;12.685765300954426;082953301;2.39454;
41.866328311878526;12.685616492602552;082956308;5.6583343;
41.86636195313616;12.685355474812479;082959270;8.435853;
41.86638060676741;12.685014153101202;083002261;10.000439;
41.86638548220299;12.684621331267016;083005268;11.330545;
41.86637779561579;12.684197020906447;083008302;12.002519;
41.86635697334368;12.683767044883787;083011258;12.103967;
41.8663202375;12.683339822015702;083014267;11.493523;
41.86626554494403;12.68293531877588;083017318;11.322271;
41.86619127658986;12.682557796369665;083020270;10.101201;
41.866108648498994;12.682253065501834;083023281;7.756185;
41.86604115838685;12.682017766385618;083026287;7.05899;
41.86595827031457;12.68175801770289;083029273;8.703193;
41.86585766132934;12.681470274989483;083032250;7.863202;
41.865756960965;12.681257816980697;083035260;6.052322;
41.8656443160392;12.681155970593148;083038267;4.963013;
41.86555367177966;12.681332315195224;083041287;6.271199;
41.8653979825939;12.68150061450718;083044247;8.682376;
41.86520767909257;12.681710984818224;083047312;9.643401;
41.86498618664529;12.681981222421442;083050291;11.455813;
41.86473911502064;12.682280435300209;083053278;12.079344;
41.86448812543621;12.68257860450682;083056302;12.492745;
41.86424907377712;12.682863945892297;083059298;11.184034;
41.86407830337922;12.683069525969525;083102239;6.548848;
41.86399792942913;12.683158936912706;083105218;3.1011295;
41.863935343967896;12.68324777595567;083108224;4.181664;
41.86381696913702;12.683390945201714;083111218;6.770754;
41.86364394773388;12.683579619088894;083114232;8.87311;
41.863453483626714;12.683804624559285;083117299;9.378312;
41.86328667413904;12.684009940606499;083120285;7.015211;
41.86313476613485;12.684071812994578;083123290;6.1515975;
41.8629339554016;12.684044294366984;083126281;7.4157557;
41.862814326790364;12.684028729574731;083129266;2.6795669;
41.862764492687454;12.684027694138475;083135277;2.27002;
41.86270103721122;12.684169031726455;083138276;5.971547;
41.86268675757051;12.684457569313643;083141281;9.071432;
41.862671976095484;12.684838776995898;083144316;10.7139225;
41.862655874985734;12.685203338569506;083147282;9.467041;
41.86263872956274;12.685435943714657;083150267;4.5406575;
41.862544278279934;12.68549456481432;083153271;4.538523;
41.86246443655803;12.68529450866926;083156287;7.82473;
41.86235238687272;12.685000690753698;083159273;9.573652;
41.862184683472165;12.68469053385404;083202274;10.879649;
41.861979056653496;12.684392545783158;083205308;11.077106;
41.86177733714049;12.684109232895997;083208292;10.553923;
41.861588286147594;12.683832452672776;083211269;10.114627;
41.86140981481938;12.68354801191902;083214329;10.266563;
41.86121853682389;12.683260507326262;083217281;10.856074;
41.861002321694485;12.682981718838251;083220301;11.180046;
41.860756247863854;12.682728707938008;083223277;11.565115;
41.86050776095848;12.682475059432349;083226262;11.309989;
41.86026468981565;12.682240207550421;083229272;11.3472805;
41.86002922713543;12.681981516556126;083232264;11.1713505;
41.859774699759086;12.681753708049008;083235271;11.514076;
41.859474588301765;12.681565060300905;083238295;12.748482;
41.859135506328094;12.68139446060365;083241277;13.668787;
41.85877389242553;12.681295649030691;083244294;13.430366;
41.85843831171029;12.681216664027541;083247286;12.463347;
41.858108504737274;12.68112693601355;083250280;12.300238;
41.85779978698777;12.681002289053676;083253317;11.834085;
41.85751853857737;12.680811290455546;083256281;11.475416;
41.8572805822411;12.680562526418255;083259282;11.1807375;
41.857129408456245;12.68021899279755;083302242;11.387079;
41.8570355032133;12.67978839072312;083305273;12.5336895;
41.85693473251714;12.679344343094074;083308273;12.901925;
41.85683235147758;12.678903370109042;083311271;12.816297;
41.85670681261972;12.678478414030945;083314272;12.505228;
41.856510076252036;12.678102182462847;083317330;12.702661;
41.85630413929367;12.677738276055077;083320296;12.598144;
41.85611330525321;12.677381533164214;083323299;12.015769;
41.85592528389987;12.67701260591;083326297;12.409309;
41.855711015986444;12.676661362233757;083329254;12.288339;
41.85547986840534;12.676358282311021;083332277;11.926331;
41.85529710214728;12.67608091479972;083335291;8.682892;
41.85524654330471;12.675906544016419;083338294;4.432526;
41.855217903941295;12.675792795141192;083341282;4.3935814;
41.855058889283455;12.675700366498049;083344305;7.5705;
41.85485995030459;12.675479224241935;083347297;10.409128;
41.85464432066505;12.675188731900066;083350282;12.000148;
41.85439433162097;12.67484850170395;083353272;13.781792;
41.854130983795535;12.674476416531292;083356278;14.384778;
41.85384992322174;12.674090155898257;083359286;15.0832815;
41.85355845861829;12.67372483489094;083402260;14.819151;
41.8532295301595;12.673389410195492;083405247;15.589663;
41.85285519377475;12.673092896416357;083408292;16.36476;
41.85245351876902;12.672826280582097;083411279;16.801453;
41.85203752915796;12.672548086605659;083414279;17.322906;
41.851606153563054;12.672259477212506;083417259;17.966564;
41.85118611628987;12.671994411958915;083420267;17.017395;
41.85078922752307;12.671734325669153;083423263;16.112019;
41.8504287341868;12.67137690325369;083426293;16.888922;
41.85007719954171;12.67095703612535;083429287;17.586983;
41.84972864863531;12.670549787765795;083432269;16.743208;
41.849390857359495;12.670147182271883;083435260;16.56871;
41.84906831158115;12.669766933238982;083438294;15.598813;
41.84877257812845;12.669415408631501;083441302;14.062293;
41.84848716194677;12.66907881793841;083444287;14.262593;
41.848191504912975;12.668729708449492;083447298;14.725938;
41.84791160723287;12.668404421398181;083450294;13.160066;
41.84763383262974;12.668169294146578;083453284;11.869251;
41.84733783813854;12.667955927864503;083456258;12.667244;
41.847041167212;12.667730700514744;083459267;12.674507;
41.846741749466965;12.667462604422226;083502251;13.6735525;
41.8464445678521;12.667150202524196;083505310;14.109804;
41.846146779218415;12.666827241309448;083508279;14.462026;
41.84584663766602;12.666476490454524;083511270;14.732714;
41.8455748986254;12.666072437005672;083514313;14.888201;
41.84531188010776;12.665659619021502;083517275;14.92087;
41.84506752294304;12.665257261860605;083520279;13.817876;
41.84484976948531;12.664850189487234;083523273;14.118227;
41.84464907399452;12.664402541739085;083526297;14.522288;
41.84445227989867;12.663954168877464;083529298;14.536434;
41.84425191527578;12.663509471929508;083532276;14.35987;
41.84400844844081;12.663093310048051;083535293;14.580288;
41.843737023698935;12.662709211456086;083538288;14.608312;
41.84345746837874;12.662347404769864;083541287;14.174155;
41.8432075471856;12.662059374269653;083544307;10.178639;
41.84305277710526;12.661897873914652;083547288;5.7555313;
41.842932321062435;12.66177198064406;083550295;6.36367;
41.84275969667196;12.66157965174448;083553279;9.249383;
41.84253761092682;12.661338992087332;083556276;11.142376;
41.842263647506655;12.661058769471081;083559286;13.514021;
41.84192525668449;12.660774755926903;083602259;15.288014;
41.84154740582156;12.660500239583287;083605305;16.259724;
41.84116779934787;12.66024486439786;083608275;15.452133;
41.840775475358306;12.660045318755754;083611307;15.789703;
41.84034703374409;12.659943751178611;083614285;16.328613;
41.839902557860746;12.659941063586704;083617284;16.589262;
41.839457863806096;12.660020257821268;083620265;16.736681;
41.8390201893877;12.660132084266914;083623265;16.490793;
41.83859980588861;12.660245348350374;083626287;16.070284;
41.83820846082412;12.66035363547793;083629302;13.621928;
41.83787569523371;12.66024090895297;083632283;12.886376;
41.83761589587904;12.65990867212957;083635284;13.516411;
41.83735116547575;12.659541870459904;083638283;14.3278;
41.83711734155759;12.659187720822901;083641288;11.597092;
41.836995257237;12.658936426621384;083644276;7.405375;
41.836974994381;12.658639251267381;083647284;9.169215;
41.837030476443445;12.65829389426308;083650293;10.501806;
41.837258776541695;12.657991768862479;083653274;12.599928;
41.8375632916896;12.657697162802672;083656256;14.388964;
41.83789037262672;12.65739010461967;083659285;15.251691;
41.83824045778365;12.65706558587155;083702288;16.028093;
41.83860945925963;12.656734415437302;083705280;16.526316;
41.83896975662507;12.656411564575206;083708254;15.957038;
41.839326593077345;12.656091860717925;083711277;15.7070465;
41.83966961434541;12.655776987704591;083714310;15.302604;
41.84000063523888;12.65546539934457;083717287;14.916822;
41.84029722216288;12.655195338713586;083720282;12.065855;
41.84056432695439;12.655080754628473;083723285;10.447074;
41.8408143285935;12.655000281809588;083726266;9.995713;
41.84094437790345;12.654646384262808;083729265;11.236559;
41.841200835250405;12.654373983495676;083732295;12.934159;
41.841518891301206;12.654090919320252;083735267;14.710356;
41.84181756385882;12.653751796123057;083738280;14.378685;
41.84199986967619;12.653274541289141;083741281;15.106054;
41.84205917875521;12.652712849456181;083744271;15.99333;
41.84208321018282;12.652113512936943;083747285;16.842068;
41.84210898437837;12.651497332057852;083750303;17.04321;
41.84213312069331;12.650865973606688;083753278;17.60996;
41.84215710478638;12.650232696068686;083756282;17.151243;
41.84218059968777;12.649614290515157;083759267;17.096159;
41.84220141241293;12.649022762029794;083802313;15.964013;
41.84226215130995;12.648478345438905;083805281;14.930472;
41.84246438165073;12.648041534488417;083808302;14.140472;
41.84277269636497;12.647793806316468;083811275;12.962523;
41.84307804991645;12.647783641980487;083814279;11.037126;
41.843344431533254;12.647862446844675;083817285;9.318724;
41.84355775846544;12.647716888746716;083820274;9.193598;
41.84359440375135;12.64738816820867;083823289;9.441902;
41.8434325797589;12.647094891848354;083826283;11.013335;
41.843253840880855;12.646724146900356;083829302;12.5969;
41.84314242568806;12.646251040696546;083832288;14.229052;
41.843025853433176;12.64573644191721;083835304;15.37452;
41.84289712539698;12.645174860491304;083838323;16.725937;
41.84276372110814;12.644575265823221;083841292;17.455336;
41.84262486238043;12.643984134001768;083844273;16.924109;
41.84251498709932;12.64340960816642;083847292;16.206215;
41.84254516225442;12.642840950350571;083850278;15.722899;
41.84273958916115;12.64233062657827;083853310;16.171976;
41.84308602610729;12.641971704553578;083856277;16.266436;
41.843511739662695;12.641754533949221;083859271;17.260174;
41.8439767330305;12.6415646294747;083902290;18.414282;
41.844471153874544;12.641365249516399;083905268;19.487658;
41.84498048311694;12.641158402862995;083908265;19.766043;
41.845505299330185;12.640951336834242;083911282;20.389284;
41.84603925096066;12.640751850382458;083914297;20.667704;
41.84657912880572;12.640549981591153;083917294;20.932325;
41.847126666573615;12.640337561827078;083920283;21.262383;
41.84767890567252;12.640114756246115;083923291;21.434464;
41.84822018963105;12.639886604841319;083926248;20.688963;
41.84875066760772;12.639671607015302;083929295;20.630972;
41.84929011002156;12.63946083813411;083932270;20.797508;
41.84979902648401;12.63920054112486;083935302;19.809883;
41.85024037068197;12.638833284201098;083938259;19.052372;
41.85061275553367;12.638381143840995;083941296;18.799713;
41.85091626992563;12.637836485833539;083944281;18.719364;
41.85111183157276;12.637223772638887;083947287;18.417646;
41.85117070938286;12.636562315981383;083950287;18.53176;
41.85123411281405;12.63590041320638;083953267;18.14553;
41.85140363033268;12.635285002165533;083956305;18.189022;
41.851660008883854;12.634722786704428;083959287;18.356764;
41.85198426473164;12.634228174450072;084002281;18.177753;
41.8523260403687;12.633794387280027;084005296;17.217718;
41.85265362962111;12.633426312266026;084008289;14.607806;
41.85292908734781;12.633180092980785;084011317;11.854703;
41.85322411275596;12.633049792862986;084014299;11.47289;
41.853466659009;12.632809687207972;084017234;11.552437;
41.85358927266373;12.63241493818725;084020296;11.855005;
41.85385431115736;12.632121810424193;084023281;13.19921;
41.85414910296706;12.63180108615285;084026279;14.91359;
41.854469924840465;12.631444098880104;084029288;15.86289;
41.85478976700742;12.631083224763962;084032284;15.189586;
41.8550905883853;12.630753113534992;084035301;13.748512;
41.85535505974247;12.630528754762146;084038277;10.89943;
41.85563549296731;12.6304045754748;084041314;11.041265;
41.85583497877104;12.630081228636726;084044238;12.086917;
41.85604637963804;12.629705238574875;084047283;13.774869;
41.856316040067995;12.62931095814401;084050290;15.255532;
41.85653254503598;12.628813114832521;084053276;16.230501;
41.8566637919959;12.628228191490019;084056307;17.20396;
41.85668216516114;12.627618768907642;084059284;16.538538;
41.856664395795114;12.627052294125765;084102287;14.4776945;
41.8566865648602;12.62662884443096;084105294;10.789378;
41.85689962244749;12.626386719212318;084108287;10.867591;
41.8571695167111;12.62619072395963;084111292;11.527981;
41.857347267592;12.62584293104428;084114283;12.079306;
41.857347451630474;12.625386240231013;084117277;13.089659;
41.857165412356004;12.624958446019033;084120292;13.9801;
41.85694134656253;12.624581868992536;084123275;12.489205;
41.85692764458122;12.624157773702716;084126284;11.693381;
41.857118200906186;12.623859525582489;084129286;11.147512;
41.85740275376918;12.623823401401866;084132273;10.854295;
41.857677899835224;12.623916363379848;084135302;10.185384;
41.85795417716173;12.623869874560388;084138251;10.622857;
41.8582135150191;12.623656708301525;084141264;11.634761;
41.85848343858773;12.62338422306988;084144287;12.639162;
41.85875679608605;12.623116807142276;084147275;12.305842;
41.85899806255902;12.6228828692679;084150289;10.262327;
41.859198767963406;12.622692787681684;084153271;7.8826056;
41.8593052346396;12.622523094771056;084156238;5.5499454;
41.859237958259534;12.622283526604706;084159306;6.806834;
41.859174127960095;12.62197160496649;084202305;9.636456;
41.85910396418049;12.621593335209257;084205267;11.138677;
41.85902560210086;12.621179299440191;084208272;11.926071;
41.858941190721914;12.620772193566921;084211278;11.472535;
41.858869000052806;12.62037370125654;084214270;11.243632;
41.858791903803024;12.619973234575786;084217274;11.6657;
41.8587105495513;12.619528736378127;084220247;13.275513;
41.85862571761702;12.619045265637933;084223279;13.754673;
41.858540317962245;12.618558222931732;084226273;13.85458;
41.85845247603236;12.618067280542963;084229249;14.005125;
41.85836648751419;12.617579402093451;084232274;13.696626;
41.858297375280095;12.617148258489715;084235282;10.920789;
41.858336188841456;12.616788255239104;084238279;10.249946;
41.858309452591094;12.616407308431889;084241306;10.805272;
41.858238037678234;12.616025645018786;084244299;10.308114;
41.85817742758864;12.615722192181488;084247277;7.2462287;
41.85809213044657;12.615589636075134;084250278;4.5967717;
41.85794709813167;12.615696144888936;084253290;7.038723;
41.857728273043406;12.615726281799574;084256243;8.323175;
41.85753303956295;12.615671646689957;084259283;6.501325;
41.85743493260111;12.615600453106962;084302286;3.2074122;
41.857442431403;12.615661837196708;084328272;0.39577797;
41.857409345453085;12.615711497673416;084410253;1.3346246;
41.857427483031785;12.61561247471834;084800265;0.0;
41.85741560725444;12.615670571043005;085604233;0.02656819;
41.85736112171403;12.61566712995985;085736265;0.34783947;
41.85731479437019;12.615717519171639;085739294;0.7790276;
41.85727491153519;12.615747766536696;085742253;0.66044253;
41.85723284348781;12.615781326231174;085745264;0.68993914;
41.85719351934532;12.615821781443886;085750244;0.6728672;
41.857163201238166;12.615871777410653;085754260;0.73170733;
41.857144701665476;12.61593873736157;085800267;0.6833895;
41.85713831256926;12.616004266845534;085808284;0.59441733;
41.85715063786385;12.616069951685315;085815277;0.6424507;
41.85716417228942;12.616133969160177;085820269;0.69612867;
41.857166935526465;12.616200239381472;085826290;0.7748946;
41.85718140984452;12.616258826752391;085833286;0.5374481;
41.85715912254;12.616312529370205;085842284;0.37866265;
41.85712093752502;12.61635509838382;085859288;0.2821682;
41.857103762100316;12.616427296747396;085919253;0.2242696;
41.857092890300294;12.616487194511976;085931279;0.02879009;
41.857058254245445;12.616529981135123;085941300;0.11738523;
41.85708584690788;12.616462510755271;085953292;0.031820383;
41.85709902442741;12.616402892516046;090019298;0.040123414;
41.85710991973689;12.616342886292822;090115275;0.020506786;
41.857119980830404;12.616279530811886;090122322;0.3715626;
41.857163878323185;12.616293527661092;090149330;0.3997143;
41.85716431886668;12.616353750925871;090345320;0.03146976;
41.85713315277036;12.61640980528452;090357288;0.2158376;
41.85710017696344;12.616456114672307;090400285;0.91411275;
41.85706883249839;12.616512087263136;090407327;0.33578697;
41.85705469936662;12.61657810606429;090410331;0.43746367;
41.85704939397629;12.616648372369188;090425321;0.20300694;
41.857033716153104;12.616591340642792;090527315;0.35246003;
41.857055408812734;12.616537537542367;090536338;0.5016308;
41.8570762912694;12.616467320177076;090542330;0.71357095;
41.8570961904493;12.616397217641472;090547332;0.66249806;
41.85713771720295;12.616370657252704;090552335;0.544887;
41.857097516143604;12.616414006593613;090652327;0.26566884;
41.85706915976976;12.616461439830479;090656325;0.38394657;
41.857035903762586;12.616514263628034;090700328;0.8805059;
41.8570304690153;12.616580030063398;090704343;0.9548927;
41.857026722381356;12.61665314811573;090708315;0.9245087;
41.85706437721103;12.61669899832302;090719303;0.48539597;
41.85724804686876;12.616520575591723;090742336;0.0059051462;
41.85720543429505;12.616572224317029;090752327;0.018504186;
41.85715255461816;12.616584960752219;090759338;0.0063348245;
41.85710774048654;12.616614365679606;090812295;0.07199241;
41.85706661888243;12.61665312040975;090821319;0.053388167;
41.85702887175237;12.616685960573719;090853314;3.4648832E-4;
41.85701950613317;12.616752061353854;090859332;0.86974883;
41.85700230573371;12.61680842241573;090904326;1.0401225;
41.85703925344;12.616769749416434;091310308;0.11856797;
41.857026299579104;12.616704830351718;091350334;0.119030595;
41.85703264547655;12.616506184831108;091547354;0.005456887;
41.85702804837262;12.61657380320024;091555320;0.034549944;
41.85705387131546;12.616627855138194;091605317;0.042610858;
41.85707634574729;12.616686422156919;091804315;0.32862765;
41.85695689368205;12.616687054598081;091930331;0.0068139844;
41.85708151879002;12.616674285917936;091953324;0.118927956;
41.85730381222138;12.61667995346254;092104339;0.36643675;
41.85726363181691;12.616645939077316;092111321;0.39945012;
41.8571790783868;12.616713190225857;092114338;0.4992796;
41.85712354055854;12.61676159213024;092117337;0.46647495;
41.8570974044596;12.616810995894179;092139358;0.007719747;
41.85715007410235;12.61680447821807;092152282;0.4742589;
41.85719310849034;12.61678069871362;092156326;1.2016407;
41.85722805778096;12.616821629705512;092159341;1.1821485;
41.857248114593396;12.616880538090474;092202340;1.2196537;
41.857275382790945;12.616953951773363;092206322;1.1694808;
41.85728211800568;12.61701801051653;092210334;1.1398166;
41.85729676561216;12.617082690813005;092215333;1.0544133;
41.85724943848526;12.617114381931753;092223352;0.54769343;
41.85720478405846;12.617096403124156;092227332;0.70646346;
41.857173408508004;12.617148239832634;092232335;0.6868162;
41.857149942076134;12.617207263656203;092236284;0.6847805;
41.857123029682256;12.617267697512348;092241341;0.7847293;
41.85709466417869;12.61732101681729;092245316;0.9146833;
41.857057757485165;12.617376815560487;092250331;0.98475915;
41.857024150629016;12.617428331604442;092255372;1.0475032;
41.856993474325954;12.61748576155053;092300327;0.9978971;
41.85696276094148;12.617539509056208;092305353;0.9511797;
41.85692642997035;12.617586492400893;092311326;0.9085399;
41.85688153770577;12.617619325803831;092316343;1.0068083;
41.85683716246584;12.617632135143719;092332315;0.050838113;
41.85683755432798;12.617570329556989;092740313;0.3229185;
41.85686969580487;12.61751168119413;092744347;0.6312557;
41.85689428136556;12.617452544433547;092748336;0.69819874;
41.856924611281606;12.61740430317922;092753342;0.6883478;
41.85697131730525;12.617377284666562;092758340;0.49996516;
41.85696346227263;12.617448250907705;092850318;0.22472814;
41.856960837174604;12.617510284135754;092854329;0.79099405;
41.8569170774706;12.617491689703838;092905322;0.4749288;
41.85692160284827;12.617421522472961;092914332;0.29257515;
41.85696607740563;12.61738646033518;092920334;0.44977045;
41.85702912545619;12.617361732844438;092926332;0.62995076;
41.857072813044134;12.617332344167174;092935343;0.03328548;
41.857126344296915;12.617345624857892;093002316;1.0588025;
41.85712108238902;12.6174300588237;093007333;1.4399012;
41.85710726508552;12.61748939654244;093013329;1.2320052;
41.85707185147077;12.617528037540797;093021354;0.942076;
41.857021830499;12.617546802382218;093027334;0.82485294;
41.85698028780865;12.617571488784076;093033301;0.8361212;
41.856942563760235;12.617605180265835;093058349;0.20587091;
41.85689769332694;12.617582487674648;093120329;0.70245296;
41.85686971726016;12.617632097376992;093131331;0.69028324;
41.856905461501405;12.61759271742395;093420303;0.09601041;
41.85694762715192;12.617614309497702;093622310;0.01603849;
41.85691266143318;12.617655210885415;093918334;0.82994455;
41.85687641679341;12.617692859493674;093924349;0.516484;
41.856832162779874;12.617680795049916;094015270;0.23072736;
41.856786974239;12.617683868544923;094554290;0.03990479;
41.85674524295331;12.617707189762355;094634276;0.022127355;
41.85674709710028;12.617644431824841;094812293;0.009213526;
41.856785750480654;12.617678583515708;094912311;0.19641788;
41.8568263114596;12.617706137614796;094922287;0.27719828;
41.85687391205834;12.61771132471944;095001326;0.20041466;
41.856900817992845;12.617663010028215;095030281;0.015252222;
41.856920368823175;12.617605235598928;095056311;0.1596674;
41.856943822991255;12.617674751382644;095217357;1.228948;
41.85695122874065;12.617746942229354;095220335;1.338193;
41.8569632459587;12.617817936946508;095223341;1.2765712;
41.856912484811055;12.617799768414486;095238326;0.92057544;
41.85688456143577;12.617745742084791;095243344;0.5794548;
41.85686679562556;12.617690176045128;095343343;0.00840796;
41.85688113202898;12.617632820428867;095412337;0.041315395;
41.85689598783927;12.617689674344733;095652325;7.763523E-4;
41.856923196807784;12.617639945758372;095756319;0.047041956;
41.85687476151678;12.617636594252117;100235308;0.13109812;
41.85682846061974;12.61763847655409;100650320;0.17740369;
41.85681232216106;12.617582177680722;100911313;0.19179754;
41.85682378030172;12.617641161324487;101125320;0.031897936;
41.856872821299554;12.617639646471273;101606289;0.38000745;
41.85691088442728;12.61760727853408;101745314;0.016603615;
41.856865592752044;12.617612545813175;101844306;0.018402983;
41.85686631803185;12.617678887453042;102142305;0.060984757;
41.8568284129875;12.617645927003737;102433291;3.2386548E-4;
41.856785877449404;12.617668885716945;103556311;0.30168638;
41.85673974977088;12.6176747103711;103733326;0.04312043;
41.856721874265126;12.61773009441712;103759304;0.1668459;
41.85676059458995;12.617698031004497;103839371;0.0046729036;
41.85680885473069;12.61768244998647;105538312;0.06053047;
41.85676287188942;12.617669844258872;110326337;0.012433793;
41.856808194055425;12.61766524180928;110935269;0.021544406;
41.85684736051644;12.617634167993742;111121301;0.030251395;
41.85687212125321;12.617575429924347;111232314;0.7171272;
41.856905410948805;12.617529590897002;111235305;0.8493579;
41.85693924305655;12.617467463086413;111239361;0.9657619;
41.8569764219929;12.617407428759115;111243337;1.0497353;
41.857013528250135;12.617358894942432;111248345;1.1127822;
41.85705191012839;12.617319269477557;111254343;1.1833278;
41.857084503078504;12.617270116154364;111300346;1.1140276;
41.85712527536024;12.61722935512099;111306350;0.97990984;
41.857160278239625;12.617188903055652;111313339;0.4263679;
41.85718163251882;12.617127902421384;111318357;0.68250847;
41.85720839419986;12.617077241382695;111322355;0.7851273;
41.85723321366201;12.617014116486974;111326328;0.89383763;
41.85723278735012;12.61695147460528;111331338;0.8959423;
41.85718369419516;12.61691359780851;111337322;0.8423161;
41.85712950506241;12.616905338843546;111341348;0.93581736;
41.85708410507295;12.616925905869824;111344376;0.9975076;
41.857039075748034;12.61692420918547;111413343;0.3259381;
41.85699472055951;12.616912245385649;111535326;0.0011623835;
41.85696603876023;12.61685369465721;111623332;0.24008058;
41.856975175847566;12.616794464567853;111744330;0.0023879847;
41.85700411234206;12.616744192664674;111759503;0.18077447;
41.856962942879285;12.616776469083549;111825455;0.16669211;
41.85699830030238;12.61673902999187;111931452;0.0030519825;
41.85698899858817;12.616691061287;112248875;0.018722782;
41.85703390362832;12.61668624580663;112330430;0.0;
41.85703320578165;12.616751381483196;112537415;0.0;
41.85704372139117;12.616811195125118;112551455;0.29478168;
41.857059853293585;12.616871602239684;112611484;0.35819018;
41.857030166058124;12.616917737853894;112620528;0.27269837;
41.857067081376826;12.616968443700477;112650538;0.64949006;
41.85709781197227;12.617016011575712;112704517;0.35194492;
41.85708095328469;12.616955425258832;112723538;0.44525447;
41.85705911628921;12.616899855499815;112734546;0.19551812;
41.85703181028013;12.61684849986886;112751552;0.07054193;
41.8570095524061;12.616792876753609;112800517;0.0;
41.85698963580001;12.616724356660857;112818516;0.0;
41.85703796015429;12.6167250054572;112920501;0.0;
41.85702621858762;12.61666593192506;113122521;0.0;
41.85702269437556;12.616727485200895;113242522;0.0;
41.85707195758832;12.616708129958633;113258500;0.2445591;
41.85703811880522;12.616756186764903;113346526;0.65249693;
41.857033429327686;12.616818311757992;113352524;0.011391597;
41.85707952710791;12.61682766418098;113408517;0.2560873;
41.85706703288166;12.616764890622186;113416494;0.92704815;
41.857065199557155;12.616692984988237;113421514;0.7562206;
41.857060757122454;12.616623359055897;113425528;0.7427856;
41.85706131825555;12.616555400654743;113431520;0.7265763;
41.85710962944454;12.616524282426948;113449501;0.0747346;
41.85715636505523;12.616511520071498;113500494;0.06383297;
41.85720355883136;12.616516854258311;113616496;0.062528715;
41.857192648148825;12.616458391414296;113747484;0.005141557;
41.857192397779876;12.61639470351037;113823487;0.1906322;
41.85720157347444;12.616334103505098;113828505;0.5402913;
41.857196756399894;12.616261932655092;113833486;0.6145855;
41.857186633465304;12.616196113339813;113837514;0.69394755;
41.85717538715307;12.61612489234085;113842517;0.76171476;
41.85717373397791;12.61605281526792;113846525;0.86249626;
41.857167780714626;12.615991376543676;113850529;0.92384505;
41.85715177182494;12.615922517966151;113856536;0.9184451;
41.857161846103246;12.615854742972514;113902520;0.8821006;
41.85718593729814;12.615786300065732;113908510;0.9199631;
41.8571968436583;12.615724604906552;113913516;0.9232339;
41.85721415623158;12.615659075575856;113919516;0.84631485;
41.85724155559955;12.615607103163908;113925480;0.7593391;
41.85728752576968;12.615612971182472;113930523;0.9554846;
41.85732905483792;12.615640898139077;113934553;1.0807455;
41.857371481760254;12.61566883736839;113938528;1.0545626;
41.85742083150477;12.615727783872403;114101512;1.6755818;
41.857534617518525;12.615814689464544;114104504;3.6574833;
41.857677768311156;12.615822677028852;114107495;4.5637083;
41.857844518589474;12.615787857844186;114110500;5.708699;
41.85795686053991;12.615863142737629;114113516;5.0200973;
41.858002241220056;12.616110783081117;114116524;8.039249;
41.858064390610615;12.616451763370272;114119513;9.948575;
41.85813490730155;12.616850947033146;114122541;11.716993;
41.85821946596681;12.617284462389224;114125515;12.489819;
41.85830138993539;12.617736680343365;114128536;12.963981;
41.858383067845075;12.618180805251576;114131529;12.672292;
41.8584640408754;12.618629530259323;114134518;12.725399;
41.85854448998656;12.619077805039753;114137515;12.701364;
41.85862679985208;12.619520011484402;114140522;12.460642;
41.85870614509462;12.619943998237105;114143542;11.953252;
41.85878068783048;12.620339994730566;114146510;11.157039;
41.85885637166784;12.620732339856481;114149517;11.366275;
41.858934035747154;12.621140270957847;114152501;11.656545;
41.859001494743346;12.621522203280948;114155491;10.198243;
41.85907541285999;12.621854438119604;114158515;9.370287;
41.859126603730765;12.622175252295687;114201503;8.696252;
41.85914423025833;12.62243812782398;114204469;4.5185795;
41.85914772597677;12.622503301579627;114209459;0.44080654;
41.859163037519465;12.62258162044352;114212494;2.3057075;
41.85920657611887;12.622619259923303;114217477;2.791505;
41.85931903529348;12.622547634697748;114220472;5.2851553;
41.85946757937952;12.622399870530504;114223556;7.8486357;
41.85965610572356;12.622206229304355;114226547;8.774482;
41.85985151505964;12.62200413764943;114229489;9.313122;
41.86005281399517;12.621840601342075;114232513;8.079423;
41.86023702870137;12.621749012283283;114235520;6.6086707;
41.86039937876499;12.621693165417662;114238528;5.9728775;
41.86059353801289;12.621635834762909;114241510;7.884047;
41.86082345352764;12.62157237771314;114244471;8.881545;
41.86105701497393;12.621505928241351;114247490;8.921214;
41.86129439061552;12.621425338079204;114250542;9.46735;
41.861553457257166;12.621367048698184;114253465;9.523636;
41.861810561534206;12.621303270935824;114256563;9.460145;
41.86205665918765;12.621241246731026;114259536;8.809633;
41.86225464299035;12.6212539505282;114302505;6.9338098;
41.86240087716197;12.621418203469874;114305518;7.264631;
41.86241435402399;12.621718698075709;114308503;9.081448;
41.86235312468907;12.62208248745428;114311522;10.893445;
41.862297534724455;12.622509070376205;114314555;12.466766;
41.862252342109485;12.622985677335036;114317503;13.794907;
41.86222830552838;12.623495119997205;114320524;14.353811;
41.86223924910229;12.624039547502505;114323541;15.343308;
41.86228366367045;12.624623087499312;114326520;16.614702;
41.86234813316984;12.62523438368804;114329535;17.373802;
41.8624199152183;12.625883612539296;114332550;18.316847;
41.86249363352203;12.626551683638457;114335552;18.943354;
41.86257146795629;12.62723957512829;114338522;18.967028;
41.862671644697386;12.627907695359902;114341535;18.796791;
41.86274552546993;12.628574235884402;114344505;18.24291;
41.8628078870639;12.629210528500579;114347527;17.181702;
41.86284965922818;12.629811277485944;114350565;16.469915;
41.862880826340316;12.630385956551256;114353518;15.625705;
41.86291128744796;12.630902452246621;114356510;13.522933;
41.86294054566516;12.631342916148826;114359531;11.449134;
41.86296060718235;12.631640235273384;114402511;6.4362717;
41.86296881076887;12.63176029649635;114405511;1.8700706;
41.862979015781086;12.631826096478946;114416495;2.2052822;
41.86299060661773;12.631990431482599;114419533;5.3698263;
41.863008485546736;12.632204013722916;114422534;6.701832;
41.86304695105408;12.632499032971413;114425508;9.162435;
41.863114478724285;12.632866984233935;114428531;10.897861;
41.863203104438135;12.633283040334911;114431532;12.496058;
41.86330777555837;12.63373386457296;114434529;12.896435;
41.86342091233186;12.63415816529407;114437512;12.48379;
41.863533550917275;12.634544881470239;114440513;10.07102;
41.86361745007572;12.634821663528921;114443509;7.491417;
41.86366267151755;12.635004595299952;114446509;4.033334;
41.863676500740915;12.63506852903579;114449516;1.0815741;
41.86368297618742;12.635136230956196;114514541;0.9643211;
41.86370618379838;12.635256885601109;114517507;4.210657;
41.86373931631284;12.635455314198994;114520497;6.3645353;
41.86378026893679;12.635756614045704;114523505;9.430967;
41.863807044729974;12.636141714772027;114526524;11.448926;
41.86379116149713;12.636605656855293;114529487;13.567695;
41.86374847958003;12.637117550312238;114532531;14.626215;
41.86368177669297;12.637657685367303;114535518;14.935528;
41.863575201620144;12.638159745147686;114538493;14.1262;
41.863429304450044;12.638632023202385;114541514;13.9775715;
41.8632932527384;12.639098594572394;114544510;13.96541;
41.863169928069894;12.639586340387517;114547518;14.259925;
41.86307819702105;12.640093641858417;114550511;14.250013;
41.86302076544979;12.640566752379945;114553505;12.804757;
41.86297089107976;12.641004121409644;114556514;12.198909;
41.86290076019568;12.641465721632626;114559546;13.443379;
41.862797193299414;12.641962939349721;114602486;14.648035;
41.86266811198445;12.64246428300386;114605498;14.573323;
41.862532954173325;12.64295516041257;114608499;14.213266;
41.86241314177325;12.643423210226295;114611521;13.653858;
41.86234594631425;12.64389751301797;114614496;13.011274;
41.86233045790906;12.644342858869155;114617520;11.821369;
41.86233077312933;12.644725863131185;114620500;10.004965;
41.862335147858055;12.645034122881105;114623521;7.433925;
41.86233632890952;12.645221721976453;114626494;4.580781;
41.862335263523704;12.645319263614995;114629544;1.5075551;
41.86233184323627;12.645418244487097;114636513;3.2874556;
41.862329828863956;12.645567314903065;114639496;4.8750467;
41.86232221356116;12.645758457500602;114642491;5.776266;
41.86231143133598;12.646018104791136;114645526;7.8060956;
41.86230091487387;12.646322836843801;114648520;8.416464;
41.8622854372852;12.646636034163102;114651501;8.546276;
41.86227474274484;12.646916239659625;114654520;7.244216;
41.86226818016214;12.647152195946338;114657538;6.351874;
41.8622638034795;12.647407760952206;114700541;7.4987526;
41.86228741937683;12.647713912199194;114703501;8.980732;
41.86235351628001;12.648055340190254;114706509;9.941061;
41.862431869301425;12.648382060216058;114709497;9.355883;
41.86251247853332;12.648711810419481;114712534;9.555098;
41.8625887933465;12.649034764583151;114715513;9.379229;
41.8626681799314;12.64935360420268;114718479;9.00467;
41.86274581853163;12.649600164318466;114721508;6.7938943;
41.86281972061788;12.649802472702218;114724518;6.0287213;
41.86289356433235;12.649994231927826;114727510;5.765295;
41.86296584635448;12.650180859831643;114730524;5.924582;
41.86303113839956;12.650344498147584;114733503;4.183919;
41.86306705433227;12.650431140512834;114736517;1.8338904;
41.86309795327236;12.650510102552333;114750483;3.3683112;
41.86316582635911;12.650685218068253;114753503;5.979791;
41.86326732593797;12.650942855947829;114756509;9.066773;
41.86339597434839;12.65126788728751;114759517;10.494561;
41.86354118017984;12.651644900563829;114802497;12.359185;
41.86368338199277;12.652096793093008;114805514;14.127039;
41.86380932692291;12.65260696101332;114808517;15.149245;
41.86392672100169;12.65313553895991;114811521;15.437686;
41.86404765800441;12.653680783134975;114814534;15.87038;
41.86416714209737;12.654247570318816;114817520;16.462067;
41.86426330668388;12.654835530780908;114820515;16.615799;
41.86431517560084;12.655428563051924;114823527;16.414995;
41.86434932223739;12.656017443762899;114826537;16.29672;
41.864380794070414;12.65660682457076;114829519;16.355705;
41.864415163712806;12.65718061883003;114832503;15.740494;
41.86444859913737;12.657752675992397;114835508;15.92852;
41.86447716893227;12.658331653111132;114838507;16.12732;
41.86448696465662;12.658903924817201;114841518;15.677378;
41.864476344931084;12.659451130083438;114844516;14.681969;
41.864441288077174;12.659981041831145;114847502;14.973554;
41.8643964674108;12.660540639859194;114850499;15.753486;
41.86435442112409;12.661101035757477;114853517;15.498765;
41.86434767219759;12.66167698823526;114856506;16.092937;
41.86437055762135;12.662250214520897;114859512;15.785751;
41.86439029330565;12.662822264245868;114902529;15.9014015;
41.86438866962668;12.663390493611399;114905519;15.45677;
41.86436314184855;12.663914551023804;114908521;14.045136;
41.86431310915193;12.664384697788659;114911517;12.679211;
41.864275794312825;12.664715830114481;114914520;6.990406;
41.86425470670714;12.664902367234253;114917523;4.3706837;
41.86424249452382;12.665015236428296;114920518;2.8179169;
41.86422805093508;12.665130107292539;114923524;3.8303907;
41.864210896385195;12.66527346267396;114926546;3.8954709;
41.864195710460926;12.665393503271815;114929533;2.6992383;
41.86418767884412;12.665458649472454;114932515;2.1099124;
41.864173004111706;12.66558787396749;114935512;4.370861;
41.86415716233201;12.665753673794212;114938480;4.474875;
41.86414275187921;12.665942262528924;114941497;5.795288;
41.864133061474924;12.666159132938816;114944516;5.8290253;
41.864129898766464;12.666347206717784;114947534;5.057698;
41.86413101368521;12.666541336212646;114950521;5.484188;
41.86413661890072;12.666730919216471;114953483;5.149362;
41.86414620298894;12.666942653520435;114956514;6.141836;
41.86415373294945;12.667128859767605;114959496;4.1815777;
41.86415881692226;12.667285171303261;115002506;5.092025;
41.86416277532374;12.667497454302756;115005541;6.196023;
41.864168288488514;12.66771118866753;115008527;5.5605326;
41.86417049842957;12.66789504946056;115011530;5.159274;
41.86416797347382;12.668104771932514;115014514;5.814067;
41.86415753960958;12.668290635581677;115017524;4.887203;
41.864146808262085;12.66844027063095;115020508;4.1537495;
41.86413149820345;12.668660579667849;115023529;7.1474705;
41.864109613760554;12.668947450591352;115026508;7.661461;
41.8640960156682;12.669140944506715;115029513;4.246136;
41.86407683840404;12.669201423941125;115101498;0.93209434;
41.86406798575291;12.6692966469758;115108509;3.1617296;
41.86405331687688;12.669464881377529;115111529;5.474113;
41.864034314157465;12.669706286565702;115114518;7.584903;
41.86401425975515;12.670012161302635;115117556;8.692958;
41.86398929029993;12.670320153280853;115120503;8.6001;
41.86396241526294;12.67063861045265;115123507;8.87832;
41.863943759160094;12.67096006901914;115126505;9.074798;
41.86394343665927;12.671317787891937;115129503;10.251141;
41.86395078573693;12.671691668602058;115132509;10.438708;
41.86395623307595;12.672067898766688;115135470;10.401102;
41.86396229148348;12.67241934385859;115138498;9.337473;
41.86396952343226;12.672751781103148;115141513;9.366042;
41.86397404786059;12.673039957356867;115144567;5.159753;
41.86397595900704;12.673106021850522;115148505;0.0;
41.86397625019709;12.6732050689373;115156498;3.5235722;
41.86400000426242;12.673346630458868;115159492;4.461715;
41.86408458000585;12.673502776365073;115202509;5.599649;
41.86418333653777;12.673718986253016;115205501;7.682251;
41.864292428462974;12.674002397934649;115208516;9.351969;
41.86434358560562;12.674348503477637;115211528;9.71138;
41.86430295356525;12.674691342494121;115214467;9.849583;
41.86418175828948;12.67499640514311;115217507;9.018011;
41.86407987314802;12.67519784286383;115220501;6.0437164;
41.86404320156907;12.675355651201626;115223525;4.304314;
41.86412206622879;12.67544432634341;115226522;3.9624832;
41.864253115572296;12.675525021003965;115229549;6.1301947;
41.86442262864196;12.675637238233156;115232505;8.366306;
41.864632488563345;12.675761327187757;115235502;8.195099;
41.86482401679523;12.675813729806654;115238524;5.173928;
41.8649548759008;12.675798235959729;115241504;4.9661336;
41.86512254623322;12.675722682260767;115244505;6.9899845;
41.8652886950536;12.675648107552353;115247506;5.8867207;
41.865431548663324;12.67558054833967;115250515;5.7430253;
41.86559010972226;12.675509446840989;115253531;5.876437;
41.86573051093783;12.675454067244477;115256492;5.9699244;
41.86592267978241;12.675377308708665;115259520;7.990687;
41.866157892797936;12.67529296639396;115302521;9.387464;
41.86639754528531;12.675204000575134;115305535;9.157218;
41.8666312059953;12.675119871405496;115308510;9.032461;
41.86687987523262;12.675030046218659;115311502;9.744096;
41.867159333647606;12.674927946571042;115314532;11.262272;
41.86747478649776;12.674789635415983;115317529;12.418909;
41.86776269726554;12.674646727911878;115320498;11.0759115;
41.868082677467996;12.674501310714161;115323475;13.204105;
41.86843110805411;12.67433674697005;115326512;13.523337;
41.86875116219233;12.67418404289968;115329528;12.270913;
41.869057953495094;12.674037178508557;115332505;12.094427;
41.869356723858004;12.673895996239214;115335500;11.378489;
41.86961159812868;12.673775224230313;115338506;9.480129;
41.86986117682093;12.673654388373667;115341501;10.272285;
41.87013439280513;12.673524046467088;115344510;11.087208;
41.87044476975577;12.673378564990282;115347537;12.588572;
41.870773750404474;12.673222613593543;115350494;13.450525;
41.871121354403066;12.67305554960164;115353500;13.785841;
41.871481219959946;12.672885091584767;115356510;14.387486;
41.87185211449242;12.672710219563927;115359515;14.900372;
41.8722466573666;12.672523051380958;115402490;15.811869;
41.87264544093305;12.672335185503329;115405500;15.518833;
41.873044569358;12.6721542011809;115408485;15.497155;
41.8734516893765;12.672023447584138;115411526;15.355611;
41.8738574848852;12.671970355767687;115414498;15.159957;
41.87428713962977;12.671952744697144;115417578;16.17738;
41.87472728852936;12.671936998776012;115420502;16.392101;
41.87517146021897;12.671915204683728;115423515;16.273493;
41.87559686165439;12.671902254032789;115426520;15.491954;
41.87599386368619;12.6720134361933;115429523;15.1558895;
41.87634109041587;12.672324289746117;115432504;15.627109;
41.876638566492915;12.672702367151103;115435518;14.913734;
41.87696060610514;12.672997876215494;115438541;14.659509;
41.877340228639675;12.67305296754864;115441512;14.807286;
41.877719207539485;12.672795741838133;115444526;16.238663;
41.87812163624156;12.672513889086853;115447506;16.812521;
41.87850986712321;12.672246270158913;115450501;15.846353;
41.878885276412454;12.67198291645119;115453504;15.595164;
41.87926861344133;12.671710741688962;115456525;16.34725;
41.879656999139506;12.671440663348644;115459494;16.035505;
41.880042285517845;12.67117277163456;115502522;16.013115;
41.88042815441906;12.670903803508097;115505511;15.951689;
41.88080551749941;12.67063537841051;115508493;15.876369;
41.88118731082824;12.670335784112176;115511515;16.448315;
41.88156994154185;12.670007394869579;115514516;17.052498;
41.88194955474361;12.669632307044504;115517516;17.364815;
41.88230497040125;12.669262417704022;115520478;16.24766;
41.882639738258945;12.668911041414258;115523517;15.493238;
41.88294334175339;12.668589942520025;115526520;13.273135;
41.88324170208301;12.668359379560432;115529517;12.715163;
41.88354455897766;12.668359314511207;115532516;10.638109;
41.88380867443791;12.668549009863899;115535520;11.52763;
41.88409165504048;12.66877322775135;115538553;12.2658415;
41.88439916909999;12.66899792113994;115541512;13.234603;
41.8847198091713;12.669250172733532;115544519;13.863962;
41.88505421440697;12.669501374508972;115547500;14.21473;
41.88540154596808;12.669730983556457;115550512;14.211543;
41.88575915521871;12.669819018565553;115553527;13.253846;
41.88610954630458;12.66969978599566;115556512;13.360722;
41.88643965878881;12.669507221769068;115559497;12.704875;
41.88676292400536;12.669320741320005;115602513;12.917769;
41.887096775839794;12.669136842669495;115605509;13.537665;
41.887456976434834;12.668929177429494;115608520;14.946388;
41.8878505840424;12.668711572547949;115611485;15.760065;
41.888243451361284;12.6684889705142;115614521;15.993949;
41.888643395249765;12.668236558763326;115617503;16.318623;
41.889036162714014;12.667963927314066;115620495;16.063328;
41.88941764362839;12.667696547934835;115623522;15.8638315;
41.889799322490326;12.667432256346725;115626490;15.797066;
41.89008006759705;12.66723798751175;115629492;7.087049;
41.8901716217375;12.667176550230133;115632503;2.1601007;
41.890251002771734;12.66712082228124;115635564;4.6540713;
41.89037641251754;12.667044889860321;115638493;5.294841;
41.89053496227037;12.666927609624612;115641499;6.957147;
41.890711136003695;12.66681671359216;115644552;6.6132383;
41.89082449944049;12.666822855969178;115647481;2.9365253;
41.89084848411279;12.666878206370061;115650515;2.2578604;
41.890859808440496;12.667047553000558;115653512;5.5568595;
41.89084889189486;12.667297870291781;115656510;8.145219;
41.89083554280136;12.667651207926925;115659524;10.685652;
41.89082422443721;12.668052616033966;115702514;11.655769;
41.890831370278434;12.668508647298726;115705483;12.92222;
41.89085057481668;12.66900313757771;115708513;13.922473;
41.890851901468366;12.669523983382472;115711500;14.373004;
41.89085954618026;12.670088224473387;115714510;16.153557;
41.890864129092925;12.670705936231986;115717506;17.229168;
41.890834672665456;12.671339034463974;115720540;17.52329;
41.8907774539659;12.671960591409631;115723488;17.01282;
41.89072887817627;12.672551928933704;115726497;16.076908;
41.89068819870066;12.673117308653667;115729536;15.044359;
41.89066466505412;12.673590863949025;115732531;12.235961;
41.890684962278094;12.674008439458499;115735542;11.050275;
41.89072026627971;12.674364914464888;115738501;9.462569;
41.89073346684384;12.67470596417845;115741507;9.706415;
41.89073329430419;12.675069528999526;115744504;10.240314;
41.89072499552916;12.67545299748359;115747491;10.752542;
41.890718605013554;12.675861560095187;115750540;11.768219;
41.890713131736156;12.67632201155021;115753529;13.095931;
41.89071061586478;12.676779865619855;115756506;12.36613;
41.890709261676854;12.677176606018207;115759507;10.044362;
41.890709903549634;12.677442996979154;115802497;6.479222;
41.890708835739254;12.677624046350035;115805537;4.0219307;
41.8907075926264;12.677717601771192;115808488;1.5401657;
41.89070579441497;12.677784832034849;115824483;1.8262377;
41.890700794326236;12.677942651637364;115827508;5.423693;
41.89069055304371;12.678150554987724;115830479;5.589642;
41.8906715692248;12.67834337909645;115833496;5.341584;
41.89063984029918;12.678580569228679;115836515;7.63281;
41.89059183368288;12.67891869922917;115839477;9.904493;
41.8905406186559;12.679264149038211;115842552;9.61769;
41.89051322226503;12.679546039629045;115845521;7.138353;
41.89050138458842;12.679752456751034;115848507;4.782477;
41.89050313096352;12.679856478763286;115851522;2.2409565;
41.89050172139558;12.679940528184911;115907511;2.641555;
41.890499915755775;12.680108119410036;115910534;5.1253047;
41.890498733026;12.680284037890472;115913488;4.4812374;
41.89055175520246;12.680438668474476;115916550;4.9867253;
41.89070476000084;12.680487409492015;115919529;7.239599;
41.89091954592472;12.680369950921422;115922506;9.441288;
41.89116504528781;12.680212270689657;115925501;10.023228;
41.89141486597747;12.680057476434165;115928534;9.671092;
41.89165162909985;12.679912830058518;115931514;9.758145;
41.891873983854786;12.67978334987811;115934517;7.834;
41.89204083524144;12.679679122195473;115937523;6.690878;
41.89222675560759;12.67956119305183;115940528;8.24022;
41.89242933154515;12.679435844295302;115943498;7.9777865;
41.89257868433694;12.679348541539314;115946522;5.490125;
41.89274220117926;12.679252335006485;115949526;7.423836;
41.892966281188905;12.679124781086365;115952487;9.81264;
41.89355123105289;12.67876905981894;115958487;12.741124;
41.89385473299979;12.678586402253176;120001503;11.9461355;
41.89413176094275;12.678422154790315;120004488;10.841547;
41.894382360162105;12.67831731661268;120007494;9.011227;
41.894580118670135;12.678492257422912;120010537;9.700129;
41.89470019712273;12.678825861825134;120013511;10.565007;
41.894825202544496;12.679193181675897;120016542;11.475666;
41.89496094272441;12.679597413557879;120019516;12.7139845;
41.895109563288194;12.680036877027828;120022509;13.268473;
41.895258645804375;12.680478963397428;120025519;13.383574;
41.895402873620824;12.680906574744627;120028463;12.792816;
41.8955172877114;12.681249914467003;120031520;8.896125;
41.89571761595723;12.681383393860951;120034497;8.437605;
41.89597969932467;12.681224956981533;120037531;12.931886;
41.89631649403358;12.681017448521471;120040526;13.886259;
41.89665721598067;12.680796667931984;120043522;13.748826;
41.89697991088036;12.680597868951692;120046526;12.749098;
41.89728767126166;12.680415641582504;120049548;12.366669;
41.89759641490294;12.680229395890725;120052507;12.486701;
41.89791377370812;12.680027902112684;120055518;13.44928;
41.89824897243456;12.679820127626941;120058503;13.502873;
41.898582700277274;12.679616745467;120101521;13.660587;
41.89891442428468;12.679399271154479;120104507;13.653483;
41.899247830758796;12.679197852046586;120107520;13.419882;
41.899577534777166;12.678989035568035;120110518;13.310832;
41.89991073648058;12.67877649218832;120113528;13.841753;
41.900257406071724;12.678569937056663;120116511;13.970967;
41.900594917163225;12.678363935955783;120119529;13.565469;
41.900892404284846;12.678184552718424;120122508;10.549668;
41.90113820725546;12.678141498260455;120125540;8.422221;
41.90128341385672;12.678450571333281;120128526;10.944604;
41.90143294485972;12.67885060347412;120131507;12.939575;
41.90159227688836;12.679277679389257;120134526;13.406029;
41.901750442619246;12.679705216747214;120137506;13.101052;
41.90191592608014;12.680136378756007;120140521;13.60438;
41.90208080206396;12.680579140918416;120143501;13.647364;
41.90225342826335;12.68103132640625;120146503;14.390004;
41.90243097371289;12.681486879986425;120149533;13.947563;
41.90259362407684;12.681920943154427;120152513;12.972599;
41.90272331097032;12.682293041522714;120155508;10.5718775;
41.90284446154601;12.682630249055878;120158497;10.343298;
41.90296747187532;12.682957953711883;120201517;10.067505;
41.90310362521465;12.683306239660716;120204534;11.272783;
41.90324206169974;12.683674298105098;120207500;11.294956;
41.90336002044775;12.68400453381542;120210506;9.041021;
41.9034193664636;12.684167126027974;120213493;2.9099247;
41.90346952573334;12.684231510309264;120216480;3.4284608;
41.903583992272125;12.684216109741593;120219548;5.010011;
41.90374597397874;12.68407408897036;120222519;8.075317;
41.90398521289305;12.684009406053068;120225490;9.52783;
41.90426879985662;12.684090193641538;120228485;11.272175;
41.90457843407897;12.684186014393555;120231496;11.85137;
41.904869698104896;12.684263469206792;120234478;10.17059;
41.90510061348281;12.68433198714742;120237536;7.9290776;
41.905245267301865;12.684559166245881;120240517;8.9743395;
41.905437581714004;12.684825625434403;120243512;11.074456;
41.90565906475694;12.68518100243449;120246523;13.4642105;
41.905885103452945;12.685607588137954;120249503;14.176525;
41.90607913046073;12.6859966547138;120252500;12.510941;
41.90631661971788;12.686350432097628;120255511;13.517746;
41.906658591881595;12.686508664606018;120258504;13.261174;
41.906956879215706;12.686740740036152;120301482;12.660407;
41.907087357311575;12.687118076157661;120304511;11.4913;
41.907011309452486;12.6875047613599;120307508;11.517549;
41.90684301141773;12.687844913792201;120310494;10.923715;
41.90664757478996;12.688108928235243;120313501;9.519221;
41.906437115418825;12.68826144594106;120316511;8.761556;
41.9062387772659;12.688427576146196;120319502;8.778123;
41.90606310679074;12.688663465481426;120322518;9.510625;
41.90587830261663;12.688932938602656;120325545;10.4299;
41.90566707090038;12.689188491157823;120328515;10.168389;
41.90545335551157;12.689417745125027;120331493;10.168771;
41.90522924806925;12.689576396492335;120334509;7.7003994;
41.90508804455727;12.689660750945123;120337523;4.0473695;
41.90512984597663;12.68980578440228;120340502;6.289848;
41.90525092776512;12.690046171130243;120343516;8.76186;
41.90539432064951;12.690340995001023;120346534;9.741762;
41.90555425255414;12.690658825380568;120349493;10.840909;
41.905715192419244;12.690983810070982;120352527;10.476377;
41.905859809575524;12.691271812395918;120355514;8.851212;
41.905974168646985;12.691503133666934;120358515;6.4526863;
41.9060304567782;12.69161931568086;120401520;2.9216635;
41.906061430777406;12.691682441619763;120404534;1.7951504;
41.90608919286892;12.691738372740517;120407456;1.7283299;
41.90611241804792;12.691790107472373;120411522;0.9789551;
41.90619136995502;12.691825407195125;120414513;4.219773;
41.90632742852047;12.691706492583195;120417523;6.988092;
41.906524273379134;12.69154111986925;120420528;9.325712;
41.90673736367698;12.691360235467208;120423512;9.100103;
41.90695598209723;12.691182388059705;120426504;9.726787;
41.9072026681239;12.690978876936965;120429517;11.261601;
41.90746935876264;12.69072797425762;120432507;12.337442;
41.907763253186026;12.690472873385351;120435506;13.25966;
41.908082459578935;12.69020420110395;120438504;13.96328;
41.90839994974762;12.689935669372943;120441517;13.897697;
41.90872222909967;12.68965177194684;120444516;14.388053;
41.909048212813005;12.689374036101862;120447540;14.039304;
41.909374090642046;12.689103248904516;120450503;14.220329;
41.90970346598344;12.688846585573833;120453498;14.224419;
41.91005633542576;12.688610064982605;120456492;14.710785;
41.9104016728285;12.688383078129556;120459520;13.938973;
41.91073233890014;12.688166960436746;120502501;13.272482;
41.91101897350617;12.687979649513608;120505493;11.055902;
41.91129310019292;12.687791225338152;120508492;11.998783;
41.91160401284905;12.687598974293767;120511502;13.020737;
41.91192420655457;12.68740464078557;120514525;12.999283;
41.912212410496146;12.687228084080095;120517504;10.175862;
41.91240842194144;12.687131121653;120520516;6.20727;
41.9125247450247;12.687244274643916;120523510;6.3179436;
41.91264364916705;12.68751911042861;120526520;10.197376;
41.91281206094075;12.687893703679327;120529506;12.733826;
41.91299408259483;12.688281996145525;120532496;12.5638;
41.91315635241829;12.688688904766822;120535508;12.855596;
41.913309883933515;12.689039576195679;120538519;9.871052;
41.91339294701921;12.689227358899165;120541511;4.2234654;
41.91336650007285;12.689310366781191;120544514;2.6087766;
41.91329239073589;12.689322882377873;120547516;2.5573556;
41.913362955179934;12.689312518702678;120705466;0.9089446;
41.91343411950773;12.68934837598924;120725516;0.0;
41.91346856623198;12.689394677662454;120741516;0.0;
41.913541648405506;12.689387902562279;120811510;0.0;
41.91367657866281;12.689305451098008;120928505;0.0;
41.91351680705401;12.68891047811401;121019484;0.0;
41.91352109953038;12.689031977170645;121047499;0.0;
41.913603272766366;12.689377366236513;130807502;0.0021896455;
41.913626733185914;12.689430746497068;130846496;0.04134042;
41.9136676878951;12.689463397085934;130920489;0.016118402;
41.91368192233375;12.689382263416359;131007507;0.5430718;
41.91363097639847;12.689359400430913;131023504;0.60499024;
41.913591376540744;12.689403181833507;131028507;0.6752081;
41.91354641654727;12.689387063327128;131042522;0.60688365;
41.91349848430987;12.689365580691362;131048506;0.97159225;
41.91345811172788;12.689332399609183;131053505;1.0245997;
41.913406177797235;12.689307127017125;131059505;0.9751318;
41.9133573615998;12.689301731043841;131104480;0.9278695;
41.91331863765732;12.689269789319061;131119512;0.20040295;
41.91335188712942;12.689313059183752;131142530;1.6121755;
41.91340086766163;12.689305081723848;131146521;1.6067455;
41.91345438623341;12.689377886620706;131151523;1.7392538;
41.913537929391545;12.689567797974934;131154475;2.7567294;
41.913666988928334;12.689851387623994;131157513;9.7397175;
41.9138210365202;12.69019780249879;131200532;10.8118515;
41.91396418380352;12.690526688929818;131203094;10.36877;
41.913996073804135;12.690893866755847;131206046;10.796296;
41.913990348996755;12.691298824167685;131209053;11.335388;
41.914036313775014;12.691685354639263;131212016;10.510185;
41.91414794567812;12.692007262893151;131215071;9.414087;
41.91425705578128;12.692292663169786;131218026;8.311749;
41.91418829933337;12.692545036758384;131221059;7.980142;
41.91415043456582;12.69284622869818;131224050;7.9868665;
41.91432970121005;12.693125836692781;131227087;10.494517;
41.91452951355422;12.693434899487386;131230049;11.546735;
41.91474739253249;12.693745421232837;131233004;11.144831;
41.91496691869656;12.693962086718999;131236070;9.577613;
41.915208350304184;12.694019591799224;131239066;9.12279;
41.91544390153575;12.693920929023614;131242085;8.780227;
41.91565640716972;12.693785536020387;131245064;7.8625994;
41.9157903452386;12.693551294887424;131248037;8.321134;
41.915948839493915;12.693287637422982;131251060;9.318126;
41.91618538765656;12.693127596205455;131254064;10.182789;
41.916497924060295;12.693061006092673;131257071;11.61314;
41.916830920642354;12.692963401124699;131300072;12.601506;
41.91718061014814;12.692844848810768;131303092;11.669523;
41.91751197746037;12.692735229879506;131306059;11.973133;
41.91784141392639;12.692621549969449;131309047;11.894566;
41.918168283058776;12.692484865241596;131312047;11.984286;
41.91849043905358;12.692357675180489;131315044;11.867891;
41.91879422472646;12.69223109367434;131318083;11.904179;
41.91910425297549;12.692099894935373;131321064;11.876458;
41.919402262558684;12.691973580553029;131324065;11.018116;
41.919672840465076;12.69185177962307;131327085;9.967773;
41.91991287007836;12.691746342652534;131330060;8.706728;
41.920055931002906;12.691714348681375;131333054;3.583771;
41.92011003211095;12.691665269864231;131336047;0.9688456;
41.920046392405666;12.691708640483183;131348077;0.0;
41.92008696433808;12.69165344973323;131432080;0.0;
41.92002298411105;12.691581939026475;131442065;0.9254421;
41.91996731728404;12.691447501032775;131650071;0.0;
41.91994590287709;12.69139015920549;132001024;0.020955428;
41.91990421208953;12.691352678003975;132040062;0.13714589;
41.91994064691667;12.6913985671497;132147028;0.31023544;
41.91997744533496;12.691436714257538;132218048;0.121539526;
41.919945653107256;12.691393995413076;132351042;0.008613912;
41.919951869327896;12.691332857366847;132430039;0.28209534;
41.91998109332488;12.691391791889489;132533055;0.4556506;
41.92000284751791;12.691448906024366;132641052;0.5118908;
41.92001044213726;12.691509459716674;132655082;0.052215513;
41.92003153596177;12.691452128267983;132819062;0.19802369;
41.92007112364541;12.691481641667867;133030054;0.46714932;
41.92003484927892;12.691518882221567;133157040;0.255931;
41.919991876506224;12.691486742444933;133220029;0.05843575;
41.92004553301832;12.691481530689252;133302041;0.5324764;
41.92008708857132;12.691438716274453;133312047;0.21026231;
41.92010483337578;12.691495190660655;133328008;0.07961241;
41.920148249070785;12.691462751420067;133342019;0.22918786;
41.92019897717433;12.691470566074672;133351005;0.71236604;
41.92017629100037;12.691542507720564;133412029;0.049609017;
41.920129315483756;12.69152897820224;133415039;0.1789447;
41.92008971262141;12.691476478961247;133419043;0.06394635;
41.92011799227446;12.691523924836613;133441005;0.008076884;
41.92005925746351;12.691486137581842;133454014;0.10317451;
41.9200304222178;12.691431497786267;133524001;0.46872616;
41.91998494241854;12.69144184254161;133639015;0.17494352;
41.919954429496784;12.691487963417645;133825054;0.002310282;
41.91992908017526;12.69143477788078;133850994;0.27304518;
41.91997502646271;12.69141818419923;133922018;0.28390428;
41.919953208131595;12.691475238451492;134143039;0.20761856;
41.91996496858095;12.691534180733026;134333043;0.4078074;
41.91996035018965;12.691472610799291;134411042;0.19407862;
41.92007895552776;12.691382785700442;134444026;0.018792024;
41.92005376943361;12.691438070309339;134518031;0.15908241;
41.92000897065478;12.691425394250853;134540031;0.06744973;
41.919963461074644;12.69142913272291;134612020;0.18059626;
41.91976465197606;12.691470770546426;134641033;0.18003856;
41.91980518740243;12.69143568380274;134652038;0.05420072;
41.91984648678341;12.691460290464972;134715009;0.2552243;
41.919851525840485;12.691521125912823;134822022;0.32823262;
41.91988914470812;12.691556291484096;135101031;0.24597463;
41.91994596095286;12.69156314694776;135130990;0.060237434;
41.91999406971086;12.691522864615628;135159046;0.22810563;
41.920035647606596;12.691480199394332;135249991;0.050853763;
41.91999005638227;12.691502656265982;135324033;0.16820821;
41.91995490318148;12.691459006471403;135525035;0.01730608;
41.919909431348316;12.69145084422458;135600021;0.2427743;
41.919863098603756;12.691426725899207;135611065;0.26208225;
41.919828329732354;12.69138279437512;135620021;0.093693726;
41.919873589059414;12.691391147502653;135703042;0.023673702;
41.91990975540357;12.691428580818055;135810062;0.15780875;
41.91997411475495;12.691421231842208;135919042;0.13607723;
41.91992212522944;12.691378427210799;135923059;0.13210493;
41.91991550634324;12.691439416453747;135953039;0.16114812;
41.91993668006155;12.691496971637033;140010034;0.6008365;
41.91993444285953;12.691565419623574;140020022;0.400294;
41.92030843553042;12.691305146157612;140124030;0.15838608;
41.920260005167435;12.691320951105977;140132033;0.054629855;
41.92021627054105;12.691346320951235;140144064;0.38017008;
41.92017558986978;12.691401672326096;140156046;0.256607;
41.92015327005427;12.691463959386295;140209014;0.067647025;
41.92011160615431;12.691492587116244;140243050;0.12441226;
41.9200685770602;12.69145461142403;140300042;0.019659486;
41.92001740200488;12.691466262117249;140343042;0.24083216;
41.91997119835959;12.691443818999776;140357057;0.041225992;
41.91992590368795;12.691445254000865;140410042;0.24026042;
41.91996907942163;12.691468703657282;140823055;0.30230492;
41.919929548192876;12.691439071218378;141006001;0.017323224;
41.91996356807092;12.691396974493708;141155057;0.11661146;
41.91992536999244;12.69155305899902;141335022;0.4264598;
41.91991552233588;12.691481139820679;141340033;0.37655193;
41.919937255248335;12.691412766457267;141348027;0.028091695;
41.91997824472157;12.691385465086169;141411047;0.21465556;
41.91998458042676;12.691448281360953;141925076;0.008219168;
41.92003021764174;12.691449768267141;142048064;0.32578528;
41.920053494696106;12.69150832104968;142059062;0.8380148;
41.92007076454542;12.69157088042011;142105039;0.863995;
41.92007590376143;12.691640171690613;142113054;0.84272385;
41.92004563951299;12.691575564251561;142146046;0.3499186;
41.91980695263747;12.69126042327858;142159058;0.36000028;
41.91984711574854;12.691299399816637;142215013;0.15693621;
41.91987928857736;12.691254946598516;142315054;0.25140563;
41.919903811656134;12.691342185150306;142348059;0.12688722;
41.9199230666539;12.691398304068288;142355046;0.0010315276;
41.91996944338402;12.691399432178708;142436051;0.00560507;
41.919644567620885;12.691838930957962;142606053;0.5372871;
41.919630730549876;12.691904681932364;142609049;0.02660558;
41.920001362886495;12.691499870787053;142712049;0.007257748;
41.919852041475224;12.691406788033708;142726047;0.1799231;
41.91986848469731;12.691480669869883;142817061;0.20928939;
41.91991257718771;12.691505298746288;143008044;0.33538818;
41.919879440932114;12.691459473448036;143149055;0.29207057;
41.91989970368528;12.691389359087541;143159055;0.34810877;
41.919834224198006;12.691371810040925;143209997;0.6189699;
41.91980470996452;12.691419586420398;143243064;0.21512966;
41.91985191883487;12.691452559928262;143327054;0.19700737;
41.91962192072515;12.691321961623965;143628059;0.0042146263;
41.91992770427957;12.691458931952122;143706059;0.009680333;
41.919921153165255;12.691398990466364;143928050;0.14345084;
41.91993637271374;12.691462086576237;144117051;0.2263157;
41.91989789584941;12.691426884433104;144414056;0.18865214;
41.91992199063364;12.691488261867358;144932052;0.24886051;
41.919928412871485;12.69155299533135;145021039;0.58389735;
41.91997279538488;12.691538838482916;145049057;0.22623569;
41.91999189480267;12.691480940395158;145143054;0.10144893;
41.91999716124757;12.69142034045951;145216056;0.0202969;
41.92004185416707;12.691403375609012;145436610;0.20608187;
41.919974665608734;12.691591536524323;145646625;0.55672824;
41.92000037017003;12.691519301746359;145730640;0.049224805;
41.92003138653426;12.691572614859027;145752637;0.46383387;
41.92000522006638;12.69151314419775;145829633;0.0028805379;
41.919843641516984;12.691560356398835;150204624;0.33874074;
41.91988237372951;12.691523861987447;150310617;0.050069444;
41.9199252606288;12.691500087934799;150351614;0.34691328;
41.91991297595368;12.691438830406765;150405619;0.31575683;
41.91990732918133;12.69150759817195;150430618;0.57693154;
41.9199509712123;12.691491005401895;150557607;0.057960536;
41.91997790784929;12.691440836133559;151031621;0.046062786;
41.91978635200816;12.691367190972823;151307596;0.13443513;
41.91983166372142;12.691398265161606;151351641;0.020150298;
41.91987284550841;12.691424262045539;151402637;0.038357694;
41.91991800929994;12.691423172030017;151427614;0.005635082;
41.919936667134444;12.691478223468122;151452593;0.0029369856;
41.91998478422736;12.69149651616445;151646608;0.042148065;
41.919994734857454;12.691434051157295;151829616;0.085149616;
41.91994969040044;12.691440187952592;152130631;0.009219689;
41.919920198579995;12.691486261847766;152206623;0.013855715;
41.919893954822015;12.691437274451998;152512639;0.0072346185;
41.91987237761714;12.691382347073453;152649611;0.39044803;
41.9199119556556;12.691342901320864;152738639;0.06070507;
41.91987627039202;12.691380603932462;152803565;0.010728805;
41.91990750539494;12.691424547343948;152904615;0.40170333;
41.91986143393658;12.691427458325139;153247605;0.25371766;
41.919905104427585;12.69144911626658;153320592;0.3185191;
41.92011337853014;12.691136990579361;153613592;0.02825232;
41.92011630488718;12.691217696607247;153630613;0.10428881;
41.92010176147746;12.691294881533572;153635609;0.2760552;
41.9200948855144;12.691354823541868;153646610;0.0030483534;
41.92007962454876;12.691421514637932;153703609;0.29470348;
41.92005937478472;12.691475876021787;153714632;0.36845285;
41.92004030851856;12.691538054863914;153846599;0.014473403;
41.92000922221141;12.691489445611596;153958615;8.336795E-4;
41.91996691814823;12.691465096122437;154151607;0.017190631;
41.91995010307574;12.691528909071048;154227612;0.08011176;
41.91999865585792;12.691511247358411;154331643;0.15383238;
41.91994689127894;12.69150240706631;154430628;0.09824657;
41.919963491655245;12.6914432166853;154533605;0.131043;
41.91998738749332;12.691495140935402;154549600;0.085746914;
41.92003395206978;12.691501801274933;154558600;0.03767301;
41.91998598460973;12.691490841430253;154639595;0.44387358;
41.91994717743897;12.691523335622298;154652608;0.48684937;
41.91997168395264;12.691468923792797;154659603;0.07738091;
41.91992598690327;12.691477782785213;154823610;0.048869047;
41.919883155214485;12.691506876044224;154838598;0.515322;
41.91988378564081;12.691443063243305;154954613;0.059559874;
41.91990333440446;12.691385970852249;155019614;0.14528339;
41.9199454612672;12.691412796315435;155123605;0.17031412;
41.91998971197017;12.691395037610276;155159604;0.5104731;
41.91994126981227;12.691366404485155;155232611;0.055777226;
41.919939120934295;12.691432021038388;155320624;0.034529857;
41.919895800087275;12.691456199203582;155400622;0.5755563;
41.91986953790685;12.691508392164536;155409613;0.7015585;
41.92013876352852;12.691759400288174;155551645;0.25791928;
41.92009197642965;12.691754739884944;155647637;0.057204287;
41.920087176035125;12.691662161625056;155651645;1.988249;
41.920015111444854;12.691649866999187;155654617;2.5194101;
41.919940021711206;12.691740674571546;155657647;3.0611153;
41.919802001716455;12.691809889308809;155700653;3.596386;
41.91961206892195;12.691891882188795;155703631;8.17552;
41.91938236417385;12.691983108172973;155706623;8.9746065;
41.91914418636499;12.692083612587977;155709652;8.974741;
41.918917240984115;12.692177904661861;155712603;8.697303;
41.91869216695694;12.692260234962687;155715628;8.628358;
41.91845789665049;12.692342600072811;155718617;9.280007;
41.91821048317471;12.692442081964307;155721616;9.371383;
41.917962150466366;12.692545097941801;155724633;9.864986;
41.91770482258748;12.692655245794674;155727579;10.038868;
41.91743555344073;12.692748723754145;155730372;10.476731;
41.917161470460414;12.692844404176293;155733380;10.623465;
41.91688006313455;12.692952685931457;155736409;10.92853;
41.916600129867476;12.693045612371213;155739406;10.71286;
41.91630420505655;12.693088929876808;155742398;11.11434;
41.916026544978024;12.69319074127091;155745386;10.50512;
41.915826779594646;12.693436660091404;155748398;10.092553;
41.91569106285744;12.69370504792508;155751413;8.3873415;
41.91547851015416;12.693836691484321;155754386;9.425711;
41.915214259276645;12.69393111825524;155757379;10.284653;
41.914953669215315;12.693925131033902;155800391;9.621037;
41.91472782786269;12.693702767384897;155803390;10.801269;
41.914513078336185;12.693402937872596;155806390;11.512295;
41.91430545739329;12.69311529494953;155809362;10.469739;
41.91414643843963;12.692840601869701;155812382;9.221214;
41.91415218203181;12.6925298204195;155815378;9.057316;
41.91427897547274;12.69225508073846;155818385;8.568387;
41.914260375178664;12.691944626031585;155821397;9.324067;
41.914137808716;12.691599513095008;155824382;10.9083;
41.9140661614681;12.691212286734627;155827351;11.073238;
41.91407139984752;12.690801845393512;155830403;11.532827;
41.913990552332656;12.69040651390148;155833355;11.648113;
41.913813434500476;12.690036370573583;155836340;12.196596;
41.9136599205212;12.689689595928861;155839375;10.602984;
41.91354509805035;12.68940779936254;155842347;7.642115;
41.91346752144412;12.68928032575714;155845386;3.6146686;
41.9133698934584;12.689298216800896;155848403;3.8597026;
41.913312300870636;12.689348847161135;155851399;1.966389;
41.91334779710152;12.689292126862775;155922371;0.8762664;
41.91339498031283;12.689311423070622;155930380;0.8194734;
41.91344739142382;12.689292051532743;155936363;1.2342197;
41.91349244240838;12.68929562830507;155940391;1.2893957;
41.913539935425696;12.68931874058165;155946398;0.99600685;
41.91356102273075;12.689377310090208;155951391;1.0195585;
41.913616892584905;12.68936071580595;160022386;0.8402475;
41.91365497997781;12.68932703232616;160031369;1.1502081;
41.913702602264834;12.68929490223903;160105393;0.8118215;
41.913792561817424;12.689287206320564;160204368;0.0;
41.913400967966965;12.689314172951118;203119357;0.0035714207;
