41.913617625707545;12.689412946030798;074323269;0.0;
41.91360860672989;12.689348328131357;074347267;0.0;
41.91362326468516;12.68928687825204;074353240;0.0;
41.91355852619795;12.68894293543591;074650266;0.4034349;
41.91408815825407;12.68918469486145;080812261;0.050561134;
41.914036203191195;12.68920072557153;080822276;0.22267622;
41.91398432738066;12.68921738624747;080827266;0.0;
41.913926275443586;12.689226583872696;080830302;0.014492446;
41.91388135569534;12.689235024955732;080841266;0.009140057;
41.913833138456326;12.689245161930222;080855256;0.004699309;
41.913784215117694;12.689271549523546;080911241;0.1586821;
41.91373445961477;12.689271162315524;080926281;0.009423491;
41.913739846719324;12.689339016385965;080933306;1.296582;
41.913760949762086;12.689399565194993;080938275;1.1426947;
41.91379005052967;12.689448539465765;080942289;1.1669555;
41.913735379918585;12.689473458341473;081004265;2.6920102;
41.91366603575894;12.68952650253028;081007236;2.9201763;
41.913620425484844;12.689538102916657;081011262;2.320369;
41.913547830461674;12.689423613643642;081014306;2.5527012;
41.91345207761612;12.689192317512948;081017221;8.12007;
41.913313458851064;12.688868468642434;081020316;11.22381;
41.91314274542019;12.6884764916463;081023260;12.60052;
41.91296032901634;12.68806946425315;081026225;13.223896;
41.91276510331972;12.687651541132269;081029258;13.22822;
41.91260237858661;12.687290371135614;081032258;10.338423;
41.91252128013373;12.687091249969518;081035284;3.63297;
41.91249471034091;12.687036885500866;081039286;1.8818234;
41.91237270877954;12.687032593246071;081042281;6.580973;
41.91219075706074;12.687155241316061;081045266;8.860984;
41.9119321746124;12.687324732284951;081048292;11.7014265;
41.91164323591831;12.687518913210504;081051257;12.447256;
41.911314135145055;12.687738234378905;081054214;14.15847;
41.91094817065516;12.687976499416369;081057275;15.456876;
41.910568730894454;12.688220521482917;081100204;15.706502;
41.91018007931272;12.688475563399889;081103257;16.127855;
41.90979615710598;12.688727540341821;081106254;15.402041;
41.909431183133336;12.688996990249057;081109203;15.594022;
41.90907386481247;12.689314625926071;081112295;16.003521;
41.90870519637348;12.689635493910203;081115310;16.270252;
41.9083451755296;12.689942946098606;081118211;15.999903;
41.9079826332855;12.690245838859674;081121279;15.629758;
41.907633840478205;12.690546142241576;081124229;15.400033;
41.907289859818306;12.690843803248985;081127288;15.113213;
41.90693832198618;12.691147457167938;081130263;15.623855;
41.9065894694142;12.691441199666839;081133269;15.142234;
41.90625039360822;12.691732993440933;081136293;14.904728;
41.90590308916377;12.692029035777972;081139257;15.388733;
41.90554599391973;12.692331951317971;081142267;15.802641;
41.90518514061101;12.692644682659546;081145277;15.7875595;
41.90485196545148;12.693000237756213;081148268;15.746562;
41.90455961419726;12.693426182936406;081151255;15.8144455;
41.90428698308541;12.693847411230676;081154257;15.364446;
41.904005349591536;12.694257541203482;081157223;15.275658;
41.90371349277273;12.694671126798577;081200208;15.52642;
41.903423655468806;12.695090376485073;081203262;15.929433;
41.90313001237529;12.695520978992354;081206254;16.158997;
41.90283729879209;12.69595130257598;081209261;15.919085;
41.90254253512411;12.6963780675852;081212250;15.748385;
41.90225999858356;12.696778268217557;081215293;15.152346;
41.901983369002735;12.697183847090855;081218276;15.157511;
41.90171983562939;12.69757538056663;081221307;14.2434025;
41.90145877102099;12.697955443404531;081224314;14.195495;
41.90119605684066;12.698325384144153;081227263;14.17685;
41.90094015703095;12.698702955160933;081230267;13.806889;
41.9006833097313;12.699068939029136;081233257;14.024972;
41.90042215309192;12.699442610358883;081236254;14.176072;
41.900169423184295;12.699808443001901;081239266;13.002547;
41.89993924307115;12.700149127344247;081242259;12.507368;
41.899710940085185;12.70048114280424;081245278;12.632244;
41.899478878548564;12.700817068941697;081248274;12.733626;
41.89924740078489;12.701138829381382;081251249;12.192342;
41.898982249622556;12.701377642874743;081254271;11.751577;
41.89868992384324;12.701580577420204;081257242;12.242129;
41.89837234035386;12.701747439372992;081300270;12.826589;
41.89805732129189;12.701906767641708;081303255;12.234745;
41.89774821871187;12.702058757821863;081306269;12.182238;
41.89742820647334;12.702196690081603;081309254;12.715703;
41.897082591981366;12.702254040788292;081312256;12.9474945;
41.89674329765111;12.702236562638145;081315272;12.321567;
41.89642576135213;12.702158821419708;081318255;11.846605;
41.89612408550126;12.702126744694061;081321255;10.9151745;
41.895867400143175;12.702268713469724;081324253;10.258665;
41.89560539042116;12.702439272720241;081327277;10.908938;
41.895360700573995;12.70259096660357;081330253;8.987582;
41.89516057698919;12.702686725108366;081333259;7.030562;
41.895032362218984;12.702705796783373;081336253;5.2781296;
41.89483603540135;12.702574473958432;081339248;9.570938;
41.894565952697015;12.702362469933743;081342285;11.965507;
41.89426134032075;12.702113436634146;081345269;13.728199;
41.893932436434646;12.701843136241216;081348252;14.152469;
41.89358697448348;12.701574639141308;081351212;15.123716;
41.89321333954101;12.70130438378473;081354266;15.986889;
41.892825374551336;12.7010629672624;081357262;15.785193;
41.89242531243645;12.700873158881926;081400287;15.790948;
41.892025128918704;12.700705014568472;081403281;15.369864;
41.89169859972941;12.700444533852655;081406298;13.987075;
41.891529520508605;12.69997285826812;081409254;14.332059;
41.89137111201034;12.699489808550052;081412262;14.382515;
41.891215731746556;12.698995687991065;081415259;14.519035;
41.891059948726266;12.698512527557998;081418254;14.6533375;
41.89090490351445;12.698051743334878;081421261;13.542148;
41.8907591470049;12.697678926734188;081424206;10.312947;
41.8906634167027;12.697435748535002;081427210;7.0424657;
41.890557205637734;12.697160840000711;081430274;9.372995;
41.890478861054184;12.69678501138778;081433259;11.146955;
41.890436821623524;12.696351783621454;081436251;12.526018;
41.89038422710782;12.695914054386694;081439261;12.194128;
41.890304926925346;12.695465209644171;081442273;12.094737;
41.89021249395787;12.695115890553469;081445256;8.657583;
41.890042685119745;12.695037148987948;081448214;7.633749;
41.88979811935384;12.695185394253036;081451266;11.3203125;
41.88949922128557;12.695367867458316;081454270;12.2184925;
41.88919344147706;12.695535485976517;081457260;12.063672;
41.88896440129875;12.695658121500516;081500251;7.5290465;
41.88885677793748;12.695706170717001;081503248;2.6130493;
41.88878067570084;12.695730818692226;081545252;3.846916;
41.88860818213453;12.69577987337396;081548207;7.424195;
41.88835144190589;12.695840865521598;081551284;11.667917;
41.88802276431475;12.69591286546564;081554268;12.853385;
41.88766028868533;12.695957900157518;081557277;13.516132;
41.887274538294626;12.695940703299645;081600272;14.714323;
41.88685985093225;12.695896517609789;081603258;15.744532;
41.88641877792147;12.695850110765479;081606255;16.672596;
41.88595844274599;12.695801211031565;081609259;17.300373;
41.885490792898565;12.695747598855736;081612273;17.206642;
41.88502798087379;12.69569200972554;081615247;17.285856;
41.88455300966044;12.69560946656401;081618263;17.933886;
41.884052173409465;12.695502568490822;081621262;19.559887;
41.883532801075795;12.695360859248236;081624212;19.476038;
41.88300633403569;12.695229094821656;081627269;19.619703;
41.882516777061305;12.695096250247714;081630254;17.954258;
41.882040010351496;12.69497007218845;081633263;18.043852;
41.88155912273179;12.694839975409579;081636277;18.187048;
41.88108402170632;12.694707414755573;081639235;17.76445;
41.88061875032031;12.694502013576358;081642219;18.328512;
41.88014830690114;12.694246040642412;081645201;18.90823;
41.87967439423047;12.693984904774084;081648279;18.670355;
41.87921759003252;12.693731115448385;081651246;18.387331;
41.8787504535992;12.693471660387356;081654262;18.547241;
41.87830386155414;12.693233987043104;081657261;17.480566;
41.877860817099915;12.693000466763523;081700286;17.60387;
41.87741425713239;12.692759788742007;081703250;17.944874;
41.876960077326615;12.692517112056228;081706278;18.204819;
41.87650073945329;12.692262793111777;081709267;18.401705;
41.87604523161679;12.692013440849628;081712266;17.953245;
41.87562655752367;12.691784594697866;081715256;16.08836;
41.87524384635711;12.691622346090618;081718257;14.425654;
41.874893242720304;12.691516940730668;081721233;12.827704;
41.87457050848914;12.691429504096648;081724309;12.016482;
41.87425068661247;12.691340407913975;081727249;11.818946;
41.87395761215294;12.69126780879936;081730247;10.849156;
41.873668551989056;12.691189652846399;081733263;10.917752;
41.87339195929301;12.691124188569416;081736272;10.003901;
41.87310689324775;12.691047493745637;081739261;11.069872;
41.87281118719873;12.690965359621973;081742244;11.284701;
41.87250650495889;12.690872994382476;081745249;11.353387;
41.872203858236276;12.69078487581979;081748251;11.768236;
41.871876459908854;12.690679630069297;081751261;12.420321;
41.87157039424391;12.690576345432904;081754255;11.340148;
41.871280513384846;12.690484617314752;081757250;10.761299;
41.87099595715267;12.69038924011405;081800263;10.888103;
41.870697364547205;12.690288459557262;081803228;11.667206;
41.870386772161766;12.690191252105548;081806265;11.420937;
41.87007898735387;12.690098920198414;081809264;11.723802;
41.869770203621655;12.689994250463345;081812223;11.981281;
41.86945117282351;12.689891822553681;081815266;12.223101;
41.86913290499301;12.68978862276383;081818257;12.326304;
41.868835203200845;12.689693345536119;081821246;10.811352;
41.8685634688204;12.689608076523221;081824281;10.321425;
41.868280920050104;12.689515792346883;081827258;10.906358;
41.86799737425343;12.689414132028672;081830246;10.760213;
41.86771798002819;12.689307332648491;081833247;10.771088;
41.86745986686077;12.689199371395205;081836249;9.644468;
41.86721125391384;12.689078220661516;081839252;10.006779;
41.866946363934915;12.68893888807926;081842252;10.683629;
41.86667968947316;12.688795741533069;081845258;10.413264;
41.86643759816912;12.688682009754515;081848246;8.937858;
41.866216491028624;12.688581696260957;081851269;8.776992;
41.865985605011815;12.688474246191726;081854260;8.955306;
41.86580390047894;12.688360297290007;081857265;6.542238;
41.86559378274881;12.688234016237873;081900269;9.646471;
41.86533998305882;12.688039290627618;081903258;10.943789;
41.86509344614825;12.687859745070416;081906271;9.992509;
41.864869524962714;12.687709968271419;081909255;8.92048;
41.86464695646242;12.687584101124926;081912250;9.133226;
41.864416604699755;12.687579697782143;081915250;8.412114;
41.864200922691055;12.687699314317548;081918242;8.567737;
41.86399689781495;12.687812693501995;081921258;8.259172;
41.863804764395724;12.687922515604306;081924250;7.3185043;
41.86361931702137;12.688033055694541;081927262;7.8187017;
41.863430359460516;12.688142221759366;081930257;7.5250683;
41.863250588183924;12.68824054809577;081933253;7.017898;
41.86310130492492;12.688321851284146;081936250;5.0353885;
41.86302656410887;12.688361051254823;081939255;1.1212078;
41.86298458152823;12.68838549246495;081945249;2.5689373;
41.86293184029259;12.688443809419129;081951276;4.3894296;
41.86296452410305;12.688673906316408;081954261;7.071216;
41.86304636417623;12.689005063107317;081957275;10.711792;
41.86314166710153;12.68938284313818;082000266;10.555838;
41.863233547559524;12.689758451668506;082003279;10.859993;
41.863320047951184;12.690099901428576;082006250;9.546303;
41.86340557967252;12.690441278790443;082009274;10.666402;
41.86351762150772;12.690889352204833;082012276;14.297248;
41.86366877380164;12.691455947582016;082015244;17.31025;
41.86378691952978;12.692041614161715;082018263;16.071606;
41.86384171574076;12.692570089208015;082021262;14.297719;
41.86385218694242;12.69305491866531;082024268;13.097423;
41.863853117025386;12.69351953558617;082027263;12.668861;
41.86384972715843;12.693969057033506;082030292;12.283094;
41.86384827644036;12.69440348023298;082033262;11.737601;
41.86384277695021;12.694740861632836;082036257;8.018468;
41.86384227281172;12.694897169172139;082039255;2.3298368;
41.86384501647505;12.694999494482767;082056250;3.68055;
41.86385087055779;12.695225784164801;082059252;7.9857364;
41.86385449875656;12.695555786721386;082102300;9.4579;
41.86385910877009;12.695924084058474;082105259;10.587592;
41.863909791079685;12.696327329949423;082108270;11.657073;
41.864009840454194;12.69675908728518;082111260;12.853809;
41.86413209671375;12.697194883404142;082114276;12.5584345;
41.86424868665114;12.697583414887458;082117297;11.677957;
41.86436872545803;12.697990723596842;082120262;12.316764;
41.864482338531054;12.698372825282762;082123231;11.33825;
41.86459556151051;12.698766398483182;082126237;11.641646;
41.864688882382154;12.699097307324546;082129267;8.947265;
41.86468689863149;12.699283027866018;082132265;3.3824182;
41.864631245570045;12.699331027430675;082135276;3.2829685;
41.86455562634989;12.699511013863548;082138256;6.860678;
41.864472107234036;12.699729851537473;082141244;6.622274;
41.86439085766868;12.6999192545697;082144251;5.8388634;
41.86428388672328;12.700052605882611;082147261;5.4805675;
41.864137584000105;12.700153506389046;082150240;6.1649218;
41.864013291755086;12.700224552586139;082153260;4.320512;
41.86395923202616;12.700256717873996;082156249;1.0020019;
41.86390656186314;12.70029658411282;082205248;2.1677406;
41.863848854175494;12.7003327898915;082208255;2.4333377;
41.863769126333494;12.700386098950514;082211253;3.5387568;
41.863681527718654;12.700422432123002;082214250;3.229939;
41.86361816022197;12.70036254324425;082217257;2.8275244;
41.86358493331648;12.700268508024182;082220289;2.475713;
41.86356628641201;12.70020591011551;082224254;1.366407;
41.86354186970412;12.700130290968774;082227261;1.9247072;
41.86352241157766;12.700070693701303;082230242;2.3693998;
41.863496914874496;12.699980105780497;082233279;2.4064746;
41.863472992091204;12.69990569300297;082244240;2.7298872;
41.86343989342974;12.699832781312491;082247250;1.8004644;
41.863392967236805;12.69977348227927;082250257;2.3221917;
41.863386272236035;12.69970090202097;082254242;2.4461572;
41.86335211461812;12.699560013712023;082257251;4.3495483;
41.86327408737273;12.699513554966494;082300256;2.9528236;
41.863246012769444;12.699577936213565;082303257;1.2090257;
41.86329924020418;12.699543587846303;082401255;0.0;
41.86334472437022;12.699561468589687;082409250;0.85269207;
41.86339030854134;12.699643178008555;082419259;0.84315974;
41.86342255064733;12.6996883578616;082425283;0.975314;
41.863435429248014;12.699746254178436;082430260;1.1308898;
41.86344791256353;12.699820510182507;082440248;0.9036987;
41.86345374039488;12.699886728558328;082446264;0.82140714;
41.8634642631801;12.69994783124116;082451260;1.4898392;
41.863448279211696;12.700007521666173;082459256;0.82474893;
41.86341085711778;12.700042263796512;082505268;0.9930213;
41.86336986850674;12.700084229689795;082511245;0.9684209;
41.863327411262176;12.700149982183806;082522257;0.8473733;
41.86329188616521;12.700187510063476;082528274;0.9729124;
41.86323786497524;12.700170928720823;082551257;0.0;
41.863274498909185;12.700132163832773;082653276;0.0;
41.863338726907045;12.70008405242171;082709279;0.0;
41.86337830049989;12.700041072884266;082718275;0.0;
41.8634280733966;12.700007097986429;082725266;0.89079803;
41.8634743565579;12.699978116108086;082739245;0.0;
41.86350439239527;12.699932248396042;082931227;0.063722335;
41.86348268738842;12.699986091218808;082949219;0.49288845;
41.86344530422624;12.70002824343005;082958261;0.48037162;
41.863476974722616;12.699981414586238;083009265;0.8638425;
41.86347440898875;12.69991593937731;083016242;0.7246318;
41.8634494409194;12.699849454134558;083020248;0.81031793;
41.86341890369618;12.699791531836038;083026271;0.8063457;
41.86339077916533;12.699736489444806;083031266;0.81977975;
41.86336509609908;12.699685332269596;083035247;0.86091447;
41.8633474329781;12.699619333220125;083041253;0.8279325;
41.86331962809117;12.699557042040182;083046258;0.8487208;
41.86328893150301;12.699510252917749;083051265;0.579023;
41.863340778986284;12.699507343572243;083059261;0.4979698;
41.863295992243586;12.699495692963195;083129251;0.6511054;
41.863341556118996;12.69952380152781;083145266;0.7474807;
41.86337180969966;12.69957312297675;083152257;0.7594709;
41.863391174406544;12.699627502315606;083158263;0.7665278;
41.86340647803035;12.69969266526567;083204258;0.8277167;
41.86342790770373;12.699752375544188;083210269;0.8511858;
41.863445265924916;12.699821567981061;083218255;0.96486676;
41.86345720077332;12.699880112057329;083223264;0.8419728;
41.86348025158727;12.69993447320172;083229257;0.8072482;
41.86347861329499;12.699995161834519;083238269;0.5365836;
41.863440255617206;12.700037216630173;083246244;0.6331491;
41.8634033752076;12.700088878823967;083252251;0.87640846;
41.86335736706058;12.700104623340618;083259256;0.82196236;
41.86332188518438;12.700146578670184;083303264;0.9044514;
41.86327976153466;12.700176554255135;083310257;0.88459265;
41.86323519372688;12.700215689782295;083317242;0.7883187;
41.86318379226963;12.700241500580372;083322246;0.84273887;
41.86314025361326;12.700225062628396;083327269;0.8535386;
41.86310291829139;12.700181144602285;083334257;0.8016514;
41.86306368420062;12.700216692628416;083343253;0.56222564;
41.863018096428554;12.7002315991465;083349217;0.80161774;
41.863057399988804;12.700264385057375;083434260;0.023743007;
41.86301050493049;12.700273607023206;083451190;0.5010141;
41.86297082319924;12.70022902690799;083511244;0.6402614;
41.86294453311;12.700176637796138;083519249;0.8266837;
41.86292773975627;12.7001137853643;083523220;1.2186625;
41.86290993804609;12.700048927371677;083529248;0.69521207;
41.86293177848433;12.700107952609942;083656237;0.64159614;
41.86295154589489;12.700165874723815;083702202;0.7131523;
41.86297128602455;12.70022398466724;083708227;0.72228056;
41.863012338731444;12.700256012669055;083715230;0.73715097;
41.863056808990514;12.700220787133425;083723202;0.45428205;
41.863091853107335;12.700181639949855;083730268;0.6779701;
41.86313859452931;12.700208630703713;083739234;0.6746571;
41.86318381341876;12.700210471795572;083749245;0.20780385;
41.86316052281542;12.70026888672195;083949181;0.4958578;
41.86310894837103;12.700283056907303;083958200;0.73354065;
41.863061552081504;12.700291087150287;084002228;1.7397661;
41.86324644224924;12.70026652333852;084050270;0.06505297;
41.86320153617975;12.700276170128502;084148243;0.06815082;
41.863162564714244;12.700245476216878;084257275;0.26196894;
41.86320430196537;12.700216380730831;085238629;0.74918586;
41.86324677250576;12.70018847550774;085243648;0.863998;
41.86328825352446;12.700159403447659;085248659;0.8232194;
41.86325452118918;12.700199643688286;085424657;0.06125644;
41.86312691529311;12.7003072611183;085446652;0.0;
41.8631142324732;12.70024031868895;085724564;0.13992545;
41.86307148378553;12.700221046706805;085738640;0.76991034;
41.863023854099794;12.700241376562632;085744648;0.7906235;
41.862971108415515;12.700254016245019;085750599;0.8878774;
41.862919915152624;12.700247626601456;085754662;1.02459;
41.862895118336034;12.7001778641098;085759658;1.0590284;
41.86286686530864;12.700129917248972;085804673;0.60730624;
41.86281488338847;12.700128813443007;085809666;1.1119274;
41.862767061569436;12.700139879983881;085815664;0.93519455;
41.862792272161606;12.70008663791354;085845653;0.007816406;
41.86275059162742;12.700119137378778;085854662;0.780536;
41.86270979994969;12.70015490937322;085912654;0.030258223;
41.862692580606996;12.700097140869607;090824614;0.024569437;
41.862675530891345;12.700040999669085;090933630;0.03194698;
41.86266710332671;12.70010276716102;091122636;0.36084735;
41.862703828147666;12.700139152790246;091233662;0.18131651;
41.86274474632885;12.700086980829385;091311627;1.0804201;
41.862789444683735;12.700068782837574;091314619;1.2049905;
41.86282841485738;12.700035257867949;091318660;1.2195534;
41.86285642949918;12.699983317415207;091323664;0.78777754;
41.86283961757768;12.700049692441274;091335612;0.96147794;
41.86279676490929;12.700091531773245;091340662;0.8871713;
41.86275259072111;12.700116327843592;091351638;0.34469265;
41.862713446797656;12.700151035675411;091410656;0.013541617;
41.86275612857662;12.700117659410777;091636606;0.025096169;
41.86272035188464;12.700155594924853;091756637;0.015935188;
41.862703008962306;12.700099752007718;091914612;0.04372038;
41.862699136972566;12.70016099021224;092352620;0.014898782;
41.862718364316486;12.700105872291505;092442605;0.014432333;
41.86267246381347;12.70005165789662;092515672;1.777465;
41.86263383432922;12.70001031602059;092518648;1.6968367;
41.862598182264485;12.69995482362246;092521660;1.7171283;
41.862561513833406;12.699910405942367;092524662;1.6906862;
41.862521887360046;12.69986847941391;092527644;1.6272786;
41.86248875120445;12.699815858471538;092530661;1.5605997;
41.86245960705089;12.699752439376137;092534664;1.348318;
41.86249435584579;12.699803832229666;092556666;1.2482772;
41.86253294924164;12.699856063655636;092559670;1.3942589;
41.862575610164996;12.699909403394425;092603655;1.3857226;
41.86260398264061;12.699961552378484;092606659;1.4464097;
41.862632611676794;12.700026700982724;092609660;1.5570548;
41.86266454459131;12.700084679280046;092613634;1.4985882;
41.86270291691557;12.70011911815231;092617657;1.3281804;
41.86272639578464;12.700066435819659;092851662;0.0018847586;
41.86276466571697;12.700098213917226;093144660;0.024837963;
41.862718846185636;12.700092661971494;093320598;0.034595747;
41.8626958619078;12.70014772798939;093518631;0.1737732;
41.86265122403691;12.700162982220148;093606663;0.7001379;
41.86260638053842;12.700141530530734;093616660;0.23148625;
41.86256555949723;12.700115124593413;093813631;0.041878555;
41.86261624412177;12.700123897416793;093854577;0.20667733;
41.86266340697469;12.700131822650317;093925655;0.7440495;
41.86270659766006;12.700109026309274;093939657;0.016874194;
41.86269924082943;12.700169466169825;094220621;0.007176325;
41.86272124361531;12.700222024796378;094254618;5.262941E-4;
41.86270811913235;12.700162462724355;094432626;0.039609108;
41.862721681972225;12.700101064615799;094448637;5.819949E-4;
41.86272847497906;12.700162522064488;094701633;0.1347053;
41.862682527163926;12.700156197585594;095126576;0.34751588;
41.862718680696084;12.700117440930555;095423664;0.096642144;
41.86268821327193;12.700066606908631;095533626;0.07901651;
41.86271456947065;12.700115460912093;095646634;0.112430066;
41.86275828239934;12.700093563538553;100807664;0.042746242;
41.86272128787366;12.700128128298479;101233628;0.004438042;
41.8627610081781;12.70009264783051;102734646;0.43769065;
41.86279511924208;12.70014366502756;102818630;0.462294;
41.86282197177851;12.7002037349481;102822655;0.79165006;
41.86284619845809;12.700259419951385;102826670;0.98394614;
41.86289489351928;12.700260294044098;102832648;0.89078265;
41.862941967004964;12.700274779960912;102839668;0.515113;
41.8629894777708;12.700270997972718;102845661;0.029360488;
41.863030852962666;12.700236907262106;102855680;0.67700535;
41.8630736659931;12.700214296343988;102903664;0.44354162;
41.863099804553364;12.700263720476064;102914665;0.46585754;
41.86313075841423;12.7002198333929;104951605;0.0026782793;
41.86317547837916;12.700191558975161;105226595;0.46612296;
41.86320500652276;12.70014117429996;105230643;0.6037408;
41.86325490435731;12.700109330499627;105235650;0.6067923;
41.86330096985774;12.700087349772474;105238651;0.7348958;
41.863351449352315;12.700058728863592;105242630;0.88502514;
41.863390794622724;12.700028517528576;105245623;0.94965667;
41.86343570662356;12.699996035469372;105250648;0.91681165;
41.863459309914695;12.699931330667827;105256631;0.819227;
41.86346126632776;12.699860993563291;105301642;0.7778545;
41.86344130243676;12.699797896873259;105306623;0.77607375;
41.86340860144842;12.699737686467529;105311676;0.79208857;
41.86338796560026;12.699682407063019;105315638;0.790324;
41.86335835815767;12.699627709598593;105319623;0.8063946;
41.863331696282536;12.699565883990154;105323579;0.80896795;
41.8632888915527;12.699528949451613;105327580;0.8864259;
41.86325965463745;12.699575073942407;105357633;0.009380599;
41.863210363994554;12.699583140459229;105545605;0.32096457;
41.8632567871699;12.699570756629027;105554604;0.8542793;
41.86329897993291;12.699616908577381;105559603;1.099899;
41.86333834246198;12.699712854696491;105602585;1.5893147;
41.86339213395227;12.699871865119716;105605624;2.382401;
41.8634468282742;12.700051647380263;105608624;5.758475;
41.863507842679375;12.700232127303316;105611643;5.12408;
41.86355161713105;12.700357199554238;105614625;3.0971973;
41.86358010679123;12.700428122270619;105617655;1.6646678;
41.86364109252508;12.700446619142133;105620614;3.3445435;
41.86376621334471;12.700379876777212;105623597;5.4055943;
41.86391224795032;12.700288168535211;105626575;6.1971316;
41.86407615841766;12.700176201618156;105629583;6.8730245;
41.86422489528504;12.700056679198076;105632610;6.340103;
41.86435131057457;12.699903207423652;105635614;6.077461;
41.86445095135365;12.699679793918442;105638636;7.7432346;
41.864542132655956;12.699445820636802;105641630;6.6941814;
41.86459290569624;12.69930900829772;105644627;2.8341548;
41.86462774943433;12.699253347354722;105648621;1.0676531;
41.86466335418548;12.699213263585742;105705602;0.973001;
41.86469074921729;12.699127637032479;105708577;4.1654735;
41.86464117756184;12.698918701995089;105711643;6.6643667;
41.86455181433307;12.698628965419022;105714607;9.560489;
41.864447733375535;12.698286156147415;105717613;10.60383;
41.86433499783997;12.697904782155533;105720622;11.67244;
41.864213637544474;12.697486587802823;105723598;12.737646;
41.864081562679694;12.697033336319837;105726576;13.70755;
41.86395289239018;12.696558331705397;105729611;13.97679;
41.86386683910948;12.696061056860938;105732647;14.203932;
41.86383466194697;12.695570986255662;105735614;13.13457;
41.86383129883192;12.69514811166084;105738614;10.705752;
41.863837400563376;12.694843393349416;105741588;7.910218;
41.86384068576448;12.694549308052753;105744639;8.555869;
41.86384272537783;12.69420600341161;105747604;9.951158;
41.863840538798684;12.693860341092808;105750640;9.0504055;
41.86383960491934;12.693524537130473;105753653;9.652873;
41.86384292532855;12.693148331747123;105756610;10.537337;
41.8638452617721;12.6927837969587;105759579;9.404784;
41.863841853139036;12.692507089811075;105802615;6.0997458;
41.86384252950798;12.692442977627337;105806610;0.50987285;
41.86384269884772;12.692378088167805;105810621;2.03418;
41.86383466194271;12.692281225941;105813613;2.6023037;
41.86382533834494;12.692199929731657;105816590;1.7624705;
41.86381361043115;12.692137729353897;105822632;0.81444305;
41.86380243356287;12.69206630416772;105829568;2.4035387;
41.863778258534424;12.691955609731432;105832649;3.872923;
41.86373967540642;12.691789662545565;105835633;5.080635;
41.863689685034124;12.691579004568746;105838640;6.593315;
41.863641201239865;12.691378690403244;105841604;5.2681894;
41.86361145518525;12.691255056504481;105844638;2.8050315;
41.863593016515104;12.691181119471782;105847630;1.6728287;
41.863576421788764;12.691103524741584;105856573;2.181544;
41.86355703845255;12.69102015360481;105859600;2.224662;
41.863534574659475;12.690924031005991;105902586;3.3141758;
41.86351152496875;12.690832630229659;105905618;2.3055115;
41.863493946431134;12.690764423746154;105908629;1.9281522;
41.8634739189741;12.690682590622506;105911624;2.6991875;
41.86345372007712;12.690606072505043;105924586;2.5436862;
41.86342633603049;12.690494754532168;105927601;3.971742;
41.86338620866008;12.690328899362969;105930623;4.783116;
41.86335019517385;12.690171208367815;105933607;4.6362624;
41.863309750973016;12.689996852896565;105936590;5.22819;
41.86326136967509;12.689795397385987;105939608;6.055251;
41.86321360101247;12.689601416054272;105942599;5.398146;
41.86317175757651;12.689434147604693;105945620;4.487516;
41.8631469025652;12.689329633269624;105948623;2.5296803;
41.86312841754966;12.689248513976587;105951578;2.3302033;
41.86310931180944;12.689168255310278;105954611;2.3331616;
41.86309995965673;12.689106784142645;110007612;0.4546544;
41.863085266779066;12.689041730158122;110011623;2.012338;
41.863067188790154;12.68895907486052;110014648;2.7410817;
41.86304285911134;12.688856269939048;110017635;2.8049495;
41.863027520570704;12.68879099881839;110020613;1.2384233;
41.863004045944166;12.688722074156415;110042581;2.117959;
41.86298404968831;12.688638155854957;110045633;2.3877153;
41.86296309936503;12.68854507725744;110048624;2.7499027;
41.86294962344734;12.688475661110086;110051586;1.3220719;
41.86298089803638;12.688407748909762;110054592;3.2971115;
41.863107759367765;12.688342234775558;110057637;5.5048385;
41.86328749023159;12.6882349522244;110100628;8.316097;
41.863511743138304;12.688110021179368;110103632;9.092469;
41.8637510992152;12.687979784116537;110106613;9.649805;
41.86398430057691;12.687852470308417;110109646;7.907397;
41.86421307332537;12.687730920079032;110112604;8.818468;
41.86443938803978;12.687629043856164;110115612;8.890106;
41.864660288802;12.687643891545502;110118647;7.3633356;
41.864805764200355;12.68771192006537;110121632;5.100599;
41.86492738673084;12.687799937738722;110124632;4.8879843;
41.864986603104306;12.687847484224795;110127588;1.0707649;
41.86503321452303;12.687888312172138;110132642;1.9556668;
41.86512487701743;12.687953412558603;110135591;5.1076546;
41.86524892604584;12.688039748070768;110138640;4.7726226;
41.865355849578044;12.688117672719894;110141636;4.413096;
41.86548915902097;12.688219078135523;110144610;6.7281327;
41.86567674115416;12.688354028255707;110147621;7.9751244;
41.86589898869549;12.688488991891495;110150620;9.855215;
41.86619416503558;12.688635720718219;110153636;12.630184;
41.86655433658283;12.688802308735495;110156636;14.639116;
41.86694817952725;12.689009984763212;110159636;16.06381;
41.867373214768996;12.689237496049186;110202633;17.581831;
41.867829596708994;12.689431904497722;110205621;17.560698;
41.86827982299519;12.689593657133864;110208634;17.050608;
41.868723053004054;12.689732900068709;110211661;16.784197;
41.86916841441927;12.6898727844288;110214624;16.913904;
41.8696083799219;12.69001118863743;110217595;16.726694;
41.8700387818772;12.690149861356515;110220610;15.700226;
41.870364532224414;12.690254104203357;110223583;10.882586;
41.87053894227102;12.690309667622184;110226635;4.7056704;
41.87060548336533;12.69032997500706;110229610;1.4166896;
41.87066223945752;12.690345161576769;110233621;2.790431;
41.87074901104242;12.69036962287325;110236600;2.3912184;
41.870811278277;12.69038589679286;110242604;2.4139473;
41.870967910502706;12.690432187570542;110245607;7.160875;
41.87123748305915;12.6905172537799;110248613;11.726493;
41.87158224888851;12.690624540214191;110251596;14.054436;
41.87199691719022;12.690744440476161;110254639;16.146074;
41.87244700458685;12.69088209811258;110257629;17.670471;
41.87294066563181;12.691011703417356;110300607;18.7292;
41.87344403093491;12.691153428838149;110303646;19.182472;
41.873975178479284;12.691289127562726;110306629;20.377544;
41.87452694244032;12.691438781002361;110309637;20.798191;
41.875066314164954;12.691595703126945;110312640;20.350863;
41.87559480828811;12.691798056383268;110315631;20.483952;
41.8761224369377;12.692084922635786;110318600;21.300882;
41.87666252059702;12.692384587618486;110321667;21.571161;
41.87720732484506;12.692678594983626;110324606;21.965069;
41.87776721408112;12.69298279218822;110327641;22.46585;
41.87831493425451;12.693281641481432;110330630;21.484962;
41.878837408513576;12.693552680132559;110333625;20.326088;
41.87933206935108;12.693815159569729;110336604;19.444914;
41.87982419356424;12.694079707683828;110339645;19.788706;
41.88032115517837;12.694344554206403;110342645;19.715298;
41.88080053017074;12.694591474812567;110345589;18.877953;
41.88130026540448;12.69479346568758;110348599;19.527365;
41.88180619234195;12.69493263724349;110351627;19.193497;
41.88233214814467;12.695066993746885;110354596;19.76034;
41.88284765514757;12.695204140827729;110357620;19.27487;
41.883357801424644;12.695334013959778;110400637;18.48629;
41.883844691939224;12.695472199225472;110403584;17.81615;
41.88432587569445;12.695596466082474;110406624;18.104097;
41.884794921003355;12.695695765347143;110409598;17.126015;
41.88524688690258;12.695750308854684;110412632;16.474789;
41.885647280296496;12.695795418615674;110415632;14.055364;
41.88599680265757;12.69583994111892;110418626;12.5488205;
41.886315670957046;12.695870910220265;110421600;11.366184;
41.886564340886785;12.695900958179063;110424622;9.268927;
41.886846716992174;12.695927362754537;110427637;11.00855;
41.887175183207525;12.695965411874694;110430673;12.174083;
41.887516400371254;12.695990066332534;110433664;13.000051;
41.88784488085396;12.695978855777883;110436633;11.169141;
41.88809006484905;12.695929572588133;110439643;8.018684;
41.88820133514779;12.69590958826998;110442634;2.4857426;
41.88825413169493;12.69590727919117;110521647;2.5048904;
41.888384113821694;12.695877466261122;110524618;6.0118527;
41.88853180371735;12.695844926933203;110527664;5.4295697;
41.88873074738943;12.695795824922474;110530595;8.795627;
41.888996605191714;12.695669599244779;110533647;10.648776;
41.88927437500346;12.69551706921647;110536613;11.412089;
41.889545283348475;12.695361656014754;110539645;10.647224;
41.889779632860964;12.695236248544399;110542614;8.603143;
41.88996152412851;12.69513701336752;110545613;6.788894;
41.89008545868548;12.69508042331273;110548629;3.5040982;
41.890150288669815;12.695082861501174;110551631;2.44362;
41.89023235537421;12.695254543125863;110554599;7.465819;
41.89032102409446;12.69557050495135;110557642;11.6582985;
41.89040783656484;12.696039771396817;110600639;13.6005125;
41.89045545673839;12.696577200633286;110603634;15.0135145;
41.89052757917498;12.697092113264809;110606623;14.159971;
41.89070702113441;12.69755360798025;110609644;14.669342;
41.8908881640632;12.698029272440099;110612624;15.3351755;
41.89106730626195;12.69854889053894;110615651;16.154411;
41.89124315078817;12.699085720087025;110618634;16.279793;
41.89142228553719;12.699627281143021;110621626;16.408936;
41.89159789441316;12.700167760649494;110624637;16.19063;
41.89182865179197;12.700617127872597;110627632;14.650296;
41.892197765971446;12.7008156128166;110630604;14.908363;
41.89258832992495;12.700980549471735;110633661;15.507639;
41.89298614322466;12.70119528691452;110636615;15.725421;
41.893346655307944;12.701431997494987;110639624;14.650505;
41.89369137798107;12.70168951216577;110642621;14.683286;
41.894022125450626;12.70194921183575;110645629;13.981288;
41.89433901979593;12.702205951950027;110648605;12.957537;
41.894606482934954;12.702424206203636;110651610;10.911478;
41.89482517072272;12.702598318364341;110654607;8.521411;
41.8949849110041;12.702722134059046;110657612;6.025638;
41.89514669890181;12.702754728560329;110700614;6.3250775;
41.895339174276224;12.702643130374643;110703590;8.485423;
41.895565617762976;12.702508216154486;110706595;9.406332;
41.8957906640545;12.702355925577889;110709611;9.200156;
41.89603663588508;12.702191925840015;110712621;10.527862;
41.89633154579008;12.702143424216448;110715632;11.572768;
41.89665081186039;12.702234600761297;110718627;12.423919;
41.89700568005815;12.702275662964505;110721637;13.745442;
41.89739567427895;12.702242589394421;110724576;14.727288;
41.897770763996625;12.702090214788656;110727591;14.269914;
41.898114378466985;12.701917663244796;110730623;13.327196;
41.898434038647174;12.701751613985003;110733586;12.500255;
41.8987452636895;12.701581577711295;110736620;12.429359;
41.899045358934984;12.701361985952389;110739642;12.582653;
41.899312748974815;12.701094930620188;110742604;12.230822;
41.899513349279665;12.700805499356747;110745587;9.956021;
41.89962608403069;12.700634586525375;110748599;5.042438;
41.89968355561282;12.70054819660488;110751586;2.5798655;
41.89971647908304;12.70049852578543;110756608;2.1012812;
41.8997891874743;12.700390979484313;110759605;4.766026;
41.89988599715509;12.700245753047712;110802643;5.767074;
41.900016930216;12.700051746563947;110805582;8.069498;
41.90018676596745;12.699809493142466;110808641;9.413332;
41.90035385965994;12.69956887162867;110811624;9.092337;
41.90052100878733;12.699312874143395;110814616;9.44332;
41.90070262046979;12.699053538986599;110817610;9.655529;
41.900876198307095;12.69882095193317;110820591;8.812429;
41.90104871516415;12.698562374648413;110823615;10.100714;
41.901229577444354;12.698296883237782;110826645;9.696432;
41.901413629767156;12.69803029486036;110829606;9.977918;
41.9016033027988;12.6977551495326;110832614;10.753821;
41.901808371994335;12.69745964155859;110835604;11.1874695;
41.902004979640324;12.697175191557799;110838629;10.720261;
41.902202951098005;12.696882305027108;110841633;10.781753;
41.902407469198295;12.696581961695774;110844617;11.49718;
41.902606252590886;12.69629274434061;110847663;10.48592;
41.902785593912064;12.696030824543591;110850630;9.428606;
41.90295403489242;12.695788785542538;110853626;9.311076;
41.903136691198746;12.695520327746651;110856635;10.050565;
41.90330011080402;12.695283866659015;110859636;8.499105;
41.90346234510295;12.695061681187378;110902612;8.524893;
41.903604877858974;12.694854434919137;110905629;7.1608434;
41.90371256866891;12.694696389555293;110908616;5.806152;
41.903819316205265;12.694534747671172;110911635;6.2663083;
41.90395868908624;12.69432710851728;110914669;8.368134;
41.90412757980276;12.694092487201088;110917629;9.0455065;
41.90427590192408;12.693885536429736;110920621;7.1006713;
41.9043896768083;12.69371797230866;110923627;6.454687;
41.90451323636024;12.693537780882014;110926645;6.5926466;
41.90463204819258;12.693367153794982;110929659;7.761473;
41.90478154165602;12.693141758840403;110932572;8.445158;
41.904941308756264;12.692913412744884;110935587;8.690534;
41.90510083425702;12.692722823782516;110938663;5.0631237;
41.905211606039416;12.692622528952906;110941587;4.084099;
41.90530080522242;12.692548566646;110944579;3.7758272;
41.905388080178234;12.692474073679437;110947591;3.9523594;
41.90548997327459;12.69238657281923;110950655;4.2779655;
41.90555353648294;12.692335449957355;110953634;2.397963;
41.90559723885897;12.692298802138199;110956619;1.1855454;
41.90563822962088;12.692269441887627;111006592;1.5154799;
41.905685489266666;12.692228912409215;111011592;1.9519604;
41.90573650221037;12.692185931531673;111014631;2.3320472;
41.90581399965811;12.692117778866912;111017634;3.9624972;
41.90590386227014;12.692039378128731;111020605;3.9320822;
41.905985746561264;12.691966181515175;111023607;3.5525436;
41.90605205982113;12.691909803201744;111026577;1.9309497;
41.90609547222023;12.69187570239492;111032617;1.4211779;
41.906165525588435;12.691820007192234;111035630;2.832808;
41.90621753701245;12.691776435578923;111040618;2.1264994;
41.906307791800444;12.691696764967757;111043643;4.79658;
41.90644524434135;12.691578157597652;111046608;7.002438;
41.90663058124983;12.691417486799057;111049575;8.164876;
41.90681608921887;12.691253082711025;111052675;8.511315;
41.90702149206691;12.691072356518367;111055646;9.210143;
41.907243001914125;12.690887004902335;111058628;9.958719;
41.90746384271564;12.690700529680655;111101614;9.3404875;
41.907674225048716;12.690520693770862;111104646;9.373439;
41.907881627730546;12.690345567213717;111107616;8.812587;
41.90808021690289;12.690176940047358;111110642;8.780469;
41.90829814374571;12.68999598652227;111113610;9.680348;
41.90851302224041;12.689810206367095;111116608;9.302861;
41.908701893613106;12.689648410669236;111119610;7.782413;
41.90889736792663;12.689489324316652;111122610;9.1397915;
41.909115938862016;12.689299354745286;111125630;9.597081;
41.9093261643939;12.689118376839275;111128609;8.835573;
41.90949669822954;12.688967869489806;111131600;6.7118974;
41.90963213501332;12.68885699939213;111134618;5.4472346;
41.909738363667856;12.68878439223718;111137626;4.1344824;
41.909830522997204;12.688724736778791;111140627;3.652517;
41.9099230341581;12.688664898449344;111143641;4.15092;
41.91004309378525;12.688583683035944;111146643;5.1421714;
41.910155534306135;12.688508903218606;111149636;4.0449553;
41.91024437844933;12.688451911400257;111152621;3.6526854;
41.910359062421385;12.688377556399491;111155612;5.468356;
41.91052700902071;12.688265421882557;111158623;7.513566;
41.9107200668509;12.688140195897684;111201616;8.244777;
41.910939641647516;12.68799834318012;111204651;9.47667;
41.9111694775471;12.687858084427269;111207632;8.982563;
41.911407680178904;12.687703628846487;111210592;9.829597;
41.91163634092147;12.687556972222804;111213621;9.223504;
41.91186530728593;12.687412472518306;111216645;9.369022;
41.91209564926209;12.68726591466424;111219616;9.394914;
41.912287091482135;12.68714320655371;111222632;6.987352;
41.912441784963384;12.687096609717626;111225629;5.625935;
41.912556305267024;12.687273212464792;111228596;7.48034;
41.91268492416899;12.687573018019384;111231616;10.383485;
41.91283916700059;12.687924080552277;111234650;11.4801855;
41.91300024113951;12.688276399890514;111237627;11.025494;
41.913150780572956;12.68862078574037;111240615;10.949641;
41.9132859649596;12.688947426944834;111243660;9.882274;
41.91339317801212;12.689202369520796;111246641;6.9419127;
41.91346066268456;12.689360305833638;111249636;4.191732;
41.91351408483971;12.689479029940228;111252655;3.6255543;
41.91358550060916;12.689535473330334;111255617;2.9579508;
41.91363060532011;12.689505362329422;111318633;0.28639242;
41.91368675295093;12.68946605710819;111322648;2.8018568;
41.91374223805169;12.689426231687522;111325595;2.4122734;
41.91376844168641;12.689376364299852;111328600;0.89962906;
41.91372861277848;12.689326111721432;111338650;2.692062;
41.91370981635015;12.689241244414498;111341633;2.3967824;
41.913822425635836;12.689428813524396;111729581;0.0;
41.91386319158336;12.689293409152885;111921610;0.0;
41.913738774758514;12.689409170623845;115451622;0.092511654;
41.913646226948124;12.68940180888434;115554624;0.08144238;
41.91366072048126;12.689334502165751;115601634;0.5083273;
41.913641265474375;12.689275322518476;115637635;0.24101704;
41.91360265500763;12.689239377710013;115648621;0.35377872;
41.91364911344274;12.68923892592488;115727611;0.5779256;
41.91364843176481;12.689307803833882;115731636;0.5873041;
41.91364548958575;12.689246323928266;115908626;0.398973;
41.91362496613428;12.689184524662279;120037618;0.49250904;
41.913614676127715;12.689244731441747;120108626;0.19130719;
41.91363521836476;12.6892990254798;120134616;0.029573906;
41.91373408319782;12.689441005190062;120216582;0.0037174257;
41.91367781891687;12.689346724808702;120352635;0.26172835;
41.91356104517535;12.689290616614654;120433623;0.2599466;
41.91361213507558;12.689276026822878;120504606;0.30068573;
41.913643754665664;12.689322745175643;120519628;0.20307067;
41.91363317696594;12.689382413357496;120603634;0.17279162;
41.91368097442961;12.6894410083534;120628626;0.013468666;
41.913646623927974;12.689399610939882;121449639;0.064775325;
41.913693115076974;12.689406944360202;121713613;0.5007449;
41.91370715118382;12.689336371856472;121805622;0.14829744;
41.91366639814802;12.689384493538482;121825645;0.04021341;
41.913726593493514;12.689395720855087;121904666;0.13566732;
41.9136935842997;12.689354376064696;121928634;0.2605497;
41.91364378906814;12.689322995793123;121939635;0.27556562;
41.91360323560675;12.68928889519188;121944625;0.45399368;
41.91356433476523;12.689258293549413;121954621;0.3420029;
41.91353321448538;12.689211689392854;121959649;0.92698836;
41.913548150226596;12.689148862651653;122020609;0.36487716;
41.91364413130833;12.689545374973035;122052610;0.0024814634;
41.91354911964636;12.689357067509489;122113619;0.03270974;
41.9136671396755;12.689394534996824;122144586;0.2833216;
41.91365496005751;12.689500762149901;122213619;0.008370782;
41.913678774776265;12.689557513515643;122417608;0.7753701;
41.91363218007397;12.689143964201719;122454641;0.15125394;
41.91375731395013;12.689151730846255;122830612;0.28343913;
41.91373905567269;12.689214948876167;122854649;0.3399137;
41.91372300216614;12.689280469697401;122900625;0.18290122;
41.91368518977413;12.689323591578967;122905613;0.4765711;
41.913651665984126;12.689403800256565;122917612;0.006581932;
41.913476305994685;12.689551787090476;132905568;0.15250042;
41.91354552617741;12.689493303162553;132908529;0.0;
41.91358836591455;12.689351564424587;132938196;0.1885284;
41.91363537964922;12.689354768793384;133007193;0.1641359;
41.91362211408612;12.689414912760734;133058187;0.19292931;
41.91359423915925;12.689472677562211;133109199;0.017612627;
41.91361378047596;12.689414122909735;133156171;0.0;
41.91366043876963;12.689405897847822;133215180;0.016163493;
41.91361542221421;12.689405200191793;133234186;0.0060250955;
41.913643922852756;12.689457339563884;133254175;0.07900756;
41.91367535323379;12.689413312585312;133320135;0.28518438;
41.913633125733995;12.689448292934198;133331151;0.39250237;
41.91364200146644;12.689388516536562;133354178;0.20086205;
41.91360093121163;12.689359501009738;133433168;0.1340955;
41.91357026021668;12.689413422984885;133439156;0.83002675;
41.91352770788634;12.689455511844436;133443175;0.9804529;
41.913529545730874;12.689544109033237;133510204;2.8921216;
41.91362093668269;12.689747936159677;133513158;5.26482;
41.913748400312755;12.690023548470666;133516149;9.998468;
41.91389634935915;12.690340824764494;133519194;10.447531;
41.91401318424455;12.690675943834488;133522183;9.802592;
41.914013853987996;12.690996975471085;133525177;8.72317;
41.91400715629237;12.69131147622878;133528187;8.8834095;
41.91407483574677;12.691622766469935;133531174;8.931376;
41.91419154828499;12.69191227039218;133534135;9.0118265;
41.914246829467785;12.692193992759705;133537187;7.660355;
41.91414542152094;12.692456898086208;133540180;9.032808;
41.91405705653649;12.692775477647722;133543171;9.724793;
41.91421053785144;12.693078080947178;133546190;10.716314;
41.914436305954716;12.693369929003328;133549193;11.885425;
41.9146669763959;12.693691876692549;133552204;11.85308;
41.91490577101397;12.69392895397163;133555117;10.708403;
41.91517590917813;12.69400460702082;133558176;10.500799;
41.91544516588663;12.693874263080012;133601142;8.717811;
41.91562762934302;12.693792661338305;133604219;7.13647;
41.91579092615698;12.69359827161563;133607205;8.937277;
41.91592985042756;12.693329506528952;133610144;8.851423;
41.91620256916445;12.693220783178862;133613144;11.509857;
41.916530644142945;12.693113253414658;133616186;13.183133;
41.91689085030218;12.692981982090716;133619176;14.166478;
41.917250585665705;12.692848671875321;133622182;13.499415;
41.917601855556725;12.692719881270648;133625194;13.622517;
41.91797797271251;12.692571562566847;133628184;14.780893;
41.91837956733416;12.692405553760546;133631137;15.855306;
41.918781378050205;12.692238863347457;133634215;15.315475;
41.9191708187064;12.692074969160736;133637199;14.925387;
41.91955088816565;12.69192092693496;133640143;14.241441;
41.919876753406704;12.691771610469923;133643183;11.423728;
41.920080979378255;12.69167410686973;133646224;5.4318724;
41.920176123958235;12.69162579923856;133649165;4.159907;
41.92030456741149;12.691569228214455;133652174;5.3816495;
41.92039466410083;12.691500186777853;133655202;2.2724743;
41.92043898191991;12.691480014729807;133703207;1.1877397;
41.92040598099905;12.691522493147621;133736204;0.801313;
41.92034977155017;12.69153181879515;133743180;0.0;
41.9202911889222;12.691551208077739;133749125;0.9392233;
41.920225469133776;12.6915701862448;133757177;1.0184536;
41.92017640558754;12.691578085273596;133803153;0.9865533;
41.920090169963196;12.691568934663517;133824186;0.0;
41.9200510816501;12.691537825395772;133925170;0.0;
41.919938191014154;12.691341883713546;134140310;0.0;
41.91993551049421;12.691408918585859;134339272;0.12054356;
41.919890722806464;12.691438205898596;134419246;0.47402033;
41.91989643808142;12.691349254532135;134441242;0.053156383;
41.919924107338126;12.691403373171282;134540260;0.03799641;
41.919935661584006;12.69146575361357;134552232;0.0960991;
41.919951003137584;12.691525568634482;134601250;0.38835254;
41.9199951601747;12.691511851926018;134638256;0.005293856;
41.92003172294072;12.691549305632307;134714250;0.36510992;
41.91998598886252;12.691517723211938;134731256;0.2316189;
41.91997653810019;12.691452082615548;134843244;0.31404364;
41.91989358375797;12.691409426480805;134934301;0.0012592552;
41.91985594459879;12.691445477046642;135204299;0.06727451;
41.919827612731254;12.691395788105094;135354274;0.023109974;
41.919846310562846;12.691453136230344;135545303;0.024855446;
41.91989235449713;12.691469036434624;135715266;0.35088336;
41.9199254292174;12.691515066923737;135734277;0.29563835;
41.91997299189718;12.691467309425471;135746250;0.091153175;
41.92000793489629;12.691509541554472;135754256;0.48017246;
41.91999959672439;12.691569218062856;135806286;0.42829043;
41.91999336618363;12.691506582650264;135918324;0.07418252;
41.92000147183075;12.691438621134989;135952311;0.035420973;
41.91999886870663;12.691499103926114;140137258;0.11774262;
41.91998790972397;12.691567103506744;140145282;0.35172555;
41.91994931883324;12.691532198300038;140236299;0.17493308;
41.91994942784258;12.691471187875361;140322297;0.16759746;
41.91993655697585;12.691530698611954;140614300;0.206891;
41.91991048917216;12.691479747372327;140734293;0.049894605;
41.91995551713362;12.691476330730815;140849295;0.18096237;
41.91991916062358;12.691434825789878;140954290;0.68476224;
41.91993679081165;12.69149239197421;141100241;0.17003164;
41.91995557246498;12.691548442087297;141225294;0.04567486;
41.919925158663226;12.691497637123495;141348301;0.06478652;
41.919965975839006;12.691468081939265;141452231;0.013425085;
41.91992227293683;12.691428576089677;141530272;0.60179687;
41.919886623955676;12.691465648686773;141539259;0.34830832;
41.919870826182844;12.691525251745102;141635297;0.26494688;
41.91990162531004;12.691608315000515;141709277;0.46855742;
41.919996042868235;12.691367374456306;141956301;0.034745526;
41.919990555312744;12.691432164293323;142005306;0.121071786;
41.91995746804235;12.691391106006698;142056302;0.046397123;
41.91992609805834;12.691444792243827;142142299;0.1899907;
41.919945469654266;12.691511727348647;142150294;0.4323443;
41.919981125906276;12.691472242437053;142304306;0.023273773;
41.920010786100526;12.691520576100434;142459286;0.24609143;
41.92004286903624;12.691473910569712;142638279;0.13009034;
41.92002891161571;12.691534455112093;142752280;0.16922967;
41.91998407976306;12.691543107963188;142847287;0.012282222;
41.91994312159431;12.691351755618754;143010252;0.27098718;
41.91990611884043;12.69138651337565;143029279;0.3384602;
41.919943378238266;12.69142354943533;143121278;0.13045797;
41.91996788682948;12.691474316976564;143227322;0.011841445;
41.919975293073676;12.691535206716367;143334288;0.19769125;
41.9199804197272;12.691598930156447;143403313;0.42092177;
41.91993706248628;12.691538620571363;143414283;0.28900602;
41.91988885693614;12.691519863231424;143419287;0.6316255;
41.9198417618312;12.691512963932412;143425267;0.7591788;
41.91980038523002;12.691488758575295;143448293;0.16385865;
41.91982729347981;12.691438393019185;143548297;0.22476724;
41.919859405806875;12.691483942626787;143609246;0.23666266;
41.919900400254114;12.691508909230489;143641293;0.015361855;
41.919943929035334;12.691535904856847;143701306;0.22996117;
41.91999025474132;12.691539405612085;143712276;0.4148854;
41.91994783447045;12.691559672411437;143743282;0.1599032;
41.91997396434585;12.691610079735606;143901279;0.09941271;
41.92000804503803;12.691569286970656;143957285;0.0075495155;
41.92004954530952;12.691602615761846;144033286;0.2128982;
41.92007470653207;12.691546161491924;144205255;0.06127611;
41.92007518296691;12.691478820850756;144224280;0.19064723;
41.92011387861978;12.691510658268664;144249289;0.5343836;
41.92007457404584;12.691475975680191;144437305;0.1866281;
41.92006811418096;12.691539097553086;144505291;0.23727377;
41.92005387734274;12.691598485701977;144524319;0.68219906;
41.92003810999072;12.691536946414653;144719289;0.18373364;
41.91999095274955;12.691523165483584;144838284;0.006958344;
41.91994134994305;12.691389221330137;145210285;0.0024098298;
41.91996761903284;12.691438668587052;145220250;0.46036622;
41.920003422368055;12.691479090522408;145232292;0.45993936;
41.92004710592774;12.691501922703027;145244278;0.39352167;
41.91992261442969;12.691393592688518;145314256;0.2947593;
41.9198957585572;12.691447435532192;145359315;0.041704185;
41.91985812688742;12.691486782853572;145426292;0.3856686;
41.919898735783796;12.691460294526493;145547290;0.0044860924;
41.91991010107378;12.691401496270789;145603312;0.011374709;
41.919935894566635;12.691452365974634;145655284;0.061275013;
41.91994781972807;12.691511051216049;145703281;0.22861579;
41.91993368420658;12.69144786492268;145825292;0.17723596;
41.9199569585517;12.691509981676383;145958264;0.3301008;
41.920007061494815;12.691512158111303;150032284;0.43063423;
41.920053708395265;12.691514178583024;150053251;0.16122276;
41.92000703033846;12.691522957007168;150122270;0.052204564;
41.919963218927705;12.691551362416577;150145286;0.18237533;
41.91992055295909;12.69158630001141;150153275;0.25453937;
41.91995568037554;12.691627272503021;150207288;0.6799268;
41.919959239176265;12.691690634166141;150212284;0.8750234;
41.919893555939446;12.691749548819763;150250288;0.80834365;
41.919847815112654;12.691785727152071;150300280;0.91410524;
41.91986003967137;12.691720069230506;150319271;0.5710597;
41.91988179857656;12.691655280872125;150343277;0.26342675;
41.91991724081561;12.691609298256454;150410288;0.20002823;
41.91994756859303;12.691547916411592;150443282;0.14356379;
41.91994721275628;12.69148764129929;150515278;0.22167341;
41.9199469359008;12.691421646266404;150704269;0.15251681;
41.91995094115587;12.691485058096154;150817263;0.3276051;
41.91992418841127;12.691537179662237;150826279;0.3920075;
41.91992614720847;12.691599293535903;150852265;0.5350716;
41.91997204642985;12.69156887553572;150920256;0.27837685;
41.91997789575919;12.6915070134106;151005278;0.061386026;
41.9199472336356;12.691462696869097;151058285;0.06750317;
41.9199014537334;12.691479014911797;151428275;0.17838432;
41.91985967664623;12.691515738955303;151448269;0.0057369415;
41.91990202487949;12.6914941014096;151625274;0.1518071;
41.919894081991046;12.691430889927442;151757268;0.031198848;
41.919852803954335;12.691467911228;151814279;0.36535954;
41.91987995553122;12.691528485744275;152006258;0.35827473;
41.92009219816373;12.691602077446172;152333758;0.46519762;
41.920141470489185;12.691586551325015;152416778;0.40471855;
41.92019052452622;12.691587940380563;152423762;0.42719314;
41.92023406452902;12.691568232357877;152429787;0.4351764;
41.920282742489576;12.691541403879974;152435777;0.55020034;
41.920344168728896;12.691534364511256;152442797;0.8077687;
41.920389466543945;12.691518388284452;152453782;0.41980767;
41.920428358519956;12.691486846894675;152508807;0.04923127;
41.9204553701899;12.6915372731246;152548736;0.12634909;
41.92041028368032;12.691539117253267;152602773;0.45242628;
41.920468749468554;12.69152228945587;152614726;2.0735512;
41.92050036700078;12.691344459020542;152617746;3.660473;
41.920463780703585;12.691146725082662;152620783;6.4540043;
41.92042052549219;12.690901680915413;152623775;7.4573226;
41.920362567010294;12.690674931131968;152626758;5.7983985;
41.920314576973404;12.690493471896543;152629764;3.6166317;
41.92028980764874;12.690387650252335;152632709;2.5012052;
41.920188724831505;12.690354108932201;152635740;5.377981;
41.920018953303334;12.690421389321001;152638725;7.2709217;
41.919802389600946;12.690470684309869;152641777;8.1435175;
41.91955849555634;12.690517576679554;152644756;9.182922;
41.91931196466619;12.690610065164028;152647763;9.213552;
41.9190941242902;12.690689292542306;152650770;6.6278224;
41.91891028212098;12.690756976013521;152653764;7.1455956;
41.91869646539292;12.690854423639294;152656726;8.607691;
41.91845788577889;12.690957507355048;152659768;9.508281;
41.918195397169484;12.691065434825743;152702763;10.546;
41.91792992671841;12.691160497284748;152705726;10.328683;
41.91766660716627;12.69129155104465;152708728;9.972216;
41.91745466643915;12.691402813384103;152711794;7.3215528;
41.917335405730235;12.691517060044388;152714749;4.399181;
41.91733486371921;12.691669609051017;152717766;5.9153624;
41.91740635480035;12.691903706883243;152720762;7.5703664;
41.91749530595818;12.692193380848067;152723758;8.4898205;
41.91758670267305;12.692484280108333;152726768;6.8571754;
41.91764321737904;12.692655068408207;152729721;3.3300672;
41.91764820224113;12.69276604612872;152732759;3.2165825;
41.91754672950332;12.692803242511234;152735772;4.7230525;
41.917366157032134;12.692822814569636;152738762;7.683142;
41.91710509236245;12.692916418291201;152741748;9.269544;
41.916835537690794;12.693034587235717;152744807;9.912638;
41.91655429832368;12.693123514312246;152747769;11.154501;
41.91625267981589;12.69317776257552;152750756;10.942261;
41.91596288967433;12.693310675324195;152753748;9.496884;
41.91578342943229;12.69357294042756;152756766;9.316367;
41.9156453201743;12.6938363564887;152759773;8.635484;
41.91543830766292;12.693987233629077;152802769;8.590725;
41.91520076102791;12.694076358040107;152805755;9.579395;
41.91492939474021;12.694058250045932;152808781;10.186784;
41.91467888554083;12.693910693943286;152811755;10.237397;
41.91444369527402;12.693646879890197;152814773;11.199028;
41.91424526678266;12.693301688930376;152817768;10.154518;
41.914082162248405;12.693029332729996;152820753;8.49265;
41.91404908271593;12.692700002991621;152823763;6.8474803;
41.91416061850911;12.692379570076863;152826783;7.910243;
41.91418903963653;12.69202359721398;152829765;8.702223;
41.91409447079823;12.691732632171666;152832745;9.457383;
41.913998787549566;12.691372832986895;152835725;9.833211;
41.913961332041225;12.690997449729558;152838761;9.591845;
41.91393212587513;12.690618588883513;152841792;8.16995;
41.913846625280115;12.690313860663588;152844779;8.696899;
41.91372045277531;12.689990962958218;152847785;9.216714;
41.913615181055604;12.689677571477647;152850765;7.6846066;
41.91353496523295;12.689440479124139;152853764;5.455015;
41.91345201817377;12.689344107773113;152856732;3.7299356;
41.9133666723817;12.689371649500211;152859777;2.8643515;
41.913351467177904;12.689300765081637;152932778;0.0;
41.91340660943385;12.689309387696715;153006766;1.37524;
41.913480099301864;12.689286838566842;153014768;1.1364149;
41.91353626453995;12.68928596347213;153022775;1.2869422;
41.91355606900259;12.689342703745808;153029748;0.85647446;
41.91360986216499;12.689380008019114;153101775;1.1302848;
