41.91362932540156;12.689317579566788;123814121;0.0;
41.9136990227569;12.689395827826539;123828101;0.0;
41.91375613195494;12.68945392841245;123840086;0.8305444;
41.91380659176255;12.689460110424953;123913040;0.814629;
41.91376718133374;12.689345200160856;124031088;0.0;
41.913676145621395;12.689357604167679;124053082;0.0;
41.91363881170739;12.689400300277343;124230158;0.11464871;
41.91365265684026;12.689459028693129;124256147;0.20593576;
41.91366397657507;12.689395734921163;124439146;0.027192304;
41.91362288188948;12.689287907558308;124538124;0.24825773;
41.913663066263844;12.689215860907979;124613167;0.014478834;
41.91364303998271;12.689547550657267;124710080;0.2902171;
41.91367523667349;12.689502204824368;124746142;0.006037464;
41.913707311062005;12.689457684008126;124810113;0.30033952;
41.91373374969877;12.689407797850954;124843087;0.06662912;
41.91369128344794;12.689387238169004;125028123;0.0025494948;
41.91373018395582;12.68941828327412;125123132;0.25004885;
41.913784061692816;12.689398902978512;125234181;0.1991739;
41.9138388757379;12.689389891512452;125246132;0.40962717;
41.91384005020538;12.689325854202076;125256127;0.4968867;
41.91378519871071;12.68931544301866;125315125;0.0034556312;
41.913745290570496;12.689280662075316;125330158;0.00914119;
41.913697718753504;12.689265078483766;125414137;0.0971664;
41.91378506405764;12.689264933852284;125436133;0.10777966;
41.91376954272441;12.689205809091813;125501164;0.1717821;
41.913730866793415;12.689251918079592;125555103;0.06335813;
41.91368865533415;12.689280904014037;125705135;0.13250574;
41.91364434567199;12.68929166832618;125720129;0.002049671;
41.91366499617469;12.689353425243924;125953080;0.29931754;
41.91364985655515;12.68941234193877;130025089;0.23566115;
41.91362270538592;12.689349233902306;130240094;0.26123863;
41.913617011161776;12.68928909127983;130304109;0.23989105;
41.91364273018312;12.689343442464814;130439125;0.11480338;
41.91357552783847;12.689420156940624;132846159;0.16810147;
41.913467057072495;12.68942759528531;132919056;0.0058330693;
41.913262703960854;12.689393593838503;132957124;0.37857702;
41.913597683149135;12.689327208810157;133021134;0.1058061;
41.913612971259845;12.689386031751877;133109140;0.092970125;
41.91357757553304;12.689412321358967;133440127;0.13734072;
41.91359367117386;12.689207645679062;133823129;0.0027387047;
41.91352996165919;12.689260075361712;134035115;0.006981729;
41.9134644738852;12.689090089535814;134207055;0.004474992;
41.913544397387746;12.689143650145809;134242120;0.23544568;
41.91359030029583;12.689147050572702;134251118;0.24779744;
41.9136666170967;12.689262614739322;134409141;0.0048334016;
41.91367105029572;12.689385050759773;135203134;0.038521312;
41.91367643677471;12.689449314012458;135220107;0.1919926;
41.91367724599182;12.689513902034063;135226115;0.37065795;
41.91372125432798;12.689555610470263;135239108;1.0546169;
41.91373247978877;12.689497043451782;135409119;0.16201231;
41.91373481154912;12.689431617116492;135418155;0.040906813;
41.9136603808745;12.689393440207017;140910107;0.051613472;
41.91360974669347;12.68941303607944;141116120;0.006874318;
41.913822442630206;12.689412001250588;141145114;0.23872809;
41.91386390922823;12.689383386897589;141219125;0.21202399;
41.91389210421026;12.68943869073586;141247133;0.24883334;
41.9139069552688;12.689497893983402;141302107;0.32382983;
41.91391953803606;12.689439938446355;141330105;0.32954973;
41.913895330728074;12.689499115225122;141347123;0.23661725;
41.91385353420025;12.68947015676706;141629091;0.41976005;
41.913510954576545;12.689319494456734;141656070;0.09507157;
41.913977883647235;12.689546833401533;142838113;0.20477869;
41.91390875275859;12.689502630263883;142925108;0.09309877;
41.913863031619194;12.689503816437846;142936121;0.24447048;
41.91381081126983;12.68951744804351;142959117;0.0;
41.91376877117476;12.689557584253608;143005105;0.040228285;
41.913779283955506;12.689468605088287;143140092;0.012667323;
41.91374837521913;12.689421417547608;143154110;0.46562332;
41.91376067080297;12.689487870088204;143215090;0.35995138;
41.913795843692824;12.6894444244203;143330095;0.25443783;
41.9137665466093;12.689398016100958;143335088;0.4509859;
41.91372537287334;12.689367269168178;143342090;0.26957044;
41.913687499207256;12.68940607214436;143411114;0.5146828;
41.91364224307199;12.689414184298325;143427092;0.28531575;
41.91361524590785;12.689360917075607;143440095;0.26986945;
41.91357999871359;12.689322390460402;143447105;0.46481392;
41.913558187320064;12.689387220881809;143455114;0.73887277;
41.91354372444116;12.689423694820597;143712196;0.09542264;
41.913589823311064;12.689402949393063;143755174;0.002132902;
41.91370025934803;12.689563809467364;144836763;0.4009244;
41.91365004442873;12.689489968164434;144839841;0.039213404;
41.91366830604088;12.689425088116954;144848834;0.25641537;
41.913713964838486;12.689426063296851;144858854;0.6968234;
41.91375946883572;12.689391890105089;144903772;0.5545083;
41.91371151715304;12.689385184725102;144928820;0.019607209;
41.913665349642194;12.689378228757818;144935825;0.043395236;
41.91364068779714;12.689429921879167;145025822;0.0037461028;
41.91368020199176;12.68939879276679;145058815;0.4163614;
41.91372376010828;12.689380584390237;145127831;0.0017701868;
41.913674008672885;12.689354207587336;145336771;0.020499818;
41.91372523438365;12.689366476448118;145427752;0.8500471;
41.91370341173764;12.689580952779323;145729764;0.452332;
41.913958647619374;12.68955076417348;150039766;0.15949006;
41.91391506683681;12.689598537231252;150112739;0.12909788;
41.913870924739385;12.689332189948024;150139791;0.016799586;
41.913642584278676;12.689294803829963;150443807;0.0070692324;
41.91365423930713;12.689374404254067;150636820;0.042641424;
41.9136291378228;12.689432973149506;150650796;0.12934172;
41.91364788153986;12.689139442069921;150848837;0.0029423407;
41.91360887873918;12.689210425887268;150953822;0.03502246;
41.913588918788925;12.689273626534831;151028750;0.2035773;
41.91363489511507;12.689280306462733;151052793;0.53840625;
41.91359004412443;12.689235560706877;151156787;0.012807062;
41.913581650253896;12.689302475268802;151210821;0.51535255;
41.91357786214866;12.689363430434149;151221801;0.39991194;
41.91379168323594;12.68897365261242;151255808;0.0061888965;
41.91345364472484;12.689428708197443;151310798;0.7881267;
41.91345417005966;12.689368274828862;151315826;0.43793765;
41.9135032895057;12.689390100184339;151334790;0.63699096;
41.91355029402722;12.689393967253382;151343811;0.17212656;
41.91350771285053;12.689363733826118;151351826;0.89734364;
41.91346908850798;12.689323895692866;151355812;1.1543729;
41.91343504350773;12.689275601371868;151359770;1.1315864;
41.91338841724185;12.68926248175338;151402818;1.0957491;
41.913338710001504;12.689269569139723;151406817;1.0254252;
41.91338513697362;12.689291780479547;151441796;1.0871487;
41.91343904756391;12.689296266024279;151445823;1.1813892;
41.91349859717725;12.689300289599837;151449844;1.2221864;
41.91354399649325;12.689319628531429;151452807;1.2662134;
41.91357841164874;12.689360231162034;151457816;0.9134615;
41.913604374779894;12.68941149690852;151502834;0.66117585;
41.91373948325436;12.68930854029254;151902671;0.060936067;
41.91379052524428;12.689302591207746;151913684;0.0061983443;
41.91377656102356;12.689241501281346;151932715;0.45378867;
41.91379024568703;12.689309887309378;151938727;1.4537151;
41.913810261814916;12.689383202384802;151941703;1.6907053;
41.91378868370853;12.68943782000155;152012717;1.6655446;
41.91369492711915;12.689495222979515;152015715;3.08779;
41.913633066281264;12.689536047159452;152018726;1.7823234;
41.91356754392035;12.689468129217913;152027725;3.2722092;
41.913483762280954;12.689256646277762;152030724;5.4145417;
41.913367407263706;12.688972088865837;152033703;9.6146555;
41.91322691663013;12.68865188788153;152036723;10.255825;
41.913076036789114;12.68830718343699;152039714;11.189593;
41.91291746326491;12.687944089769964;152042692;11.894975;
41.91274381903544;12.68757485122478;152045743;11.812811;
41.91260394388705;12.687252896388866;152048689;9.235025;
41.91255650218485;12.687129899148877;152051661;0.90596133;
41.91255837561906;12.687058104301578;152057692;3.0693538;
41.91263610662137;12.686945074842606;152100697;5.3788233;
41.91283918734928;12.686806275293405;152103706;9.860899;
41.913121328562006;12.686630183312861;152106705;12.111068;
41.91345443513561;12.686419830705104;152109723;14.313781;
41.91382204898897;12.686193622408597;152112675;15.427184;
41.91421296323973;12.685946109264444;152115716;15.814375;
41.91459702625059;12.685699199801443;152118721;15.6347065;
41.91497659138745;12.685459008262564;152121709;15.405777;
41.91535456343857;12.685222963222817;152124711;15.263751;
41.91573101914911;12.684987813884197;152127698;15.36375;
41.91611509610836;12.684750692236907;152130715;15.453766;
41.91649657369098;12.684518161719026;152133728;15.335148;
41.916875593556554;12.684284818952701;152136720;15.425637;
41.91723817281268;12.68405426002925;152139711;14.527192;
41.91754644978476;12.68376678699493;152142734;13.466867;
41.91766030963659;12.683305160452647;152145725;13.520721;
41.91770558925526;12.682820120572357;152148707;12.895844;
41.91774905245176;12.682391686188206;152151710;10.9408655;
41.917797838599256;12.682098242396972;152154691;7.2194796;
41.91798239749485;12.681965354691226;152157715;9.683325;
41.91829112134319;12.68193515134262;152200709;12.173718;
41.91865295609649;12.681872625215671;152203703;13.906861;
41.91901197918985;12.681758563641266;152206705;13.220622;
41.91935060205487;12.681635206685192;152209703;12.818295;
41.91956533584035;12.681316291724343;152212714;11.889287;
41.919635638653254;12.680922989256052;152215715;10.796854;
41.919685315957736;12.680520037271924;152218719;11.291831;
41.91978518230627;12.680108839511872;152221717;12.340599;
41.91995013566641;12.679696946995895;152224682;13.237177;
41.92014754199921;12.679275965839611;152227727;13.903691;
41.9203487312686;12.67884056129572;152230717;14.168427;
41.92058269162099;12.67842851529708;152233736;14.264979;
41.92085615293155;12.678051617016001;152236718;14.579104;
41.921116133175204;12.677667532858713;152239682;13.278031;
41.921311779897565;12.677445036792141;152242723;8.084681;
41.92149181885242;12.677281881812759;152245698;9.098058;
41.92161322223712;12.677196900007463;152248706;1.3103248;
41.921659005529165;12.67721771317277;152256702;1.9210671;
41.92170760834122;12.677189399207323;152301712;0.2831846;
41.92175262484923;12.67715959124752;152306673;0.47060078;
41.921802403168385;12.677143006858204;152309716;1.6348182;
41.92189242511519;12.677090354044456;152312700;3.9090064;
41.92204489155907;12.676984282160443;152315715;5.834929;
41.922152827690006;12.676899903855553;152318725;3.7603955;
41.92219136427288;12.67686439366901;152321594;1.9922415;
41.9222383633361;12.676803231766963;152324708;2.015947;
41.92223682852898;12.676656124329812;152327712;5.373005;
41.92210812702324;12.676436488493911;152330709;9.720606;
41.9219453683478;12.676151457845906;152333719;10.556531;
41.921823905209166;12.675791246536921;152336691;10.514483;
41.92174589886692;12.675417226164909;152339721;10.887289;
41.92175757055649;12.674989185592779;152342704;12.240674;
41.92187279590608;12.674593812537145;152345689;11.396632;
41.922111813951936;12.674314197641007;152348696;11.5937605;
41.922388828605975;12.674114907303654;152351702;11.468291;
41.92268090421173;12.673952593993466;152354715;11.632433;
41.922978352545776;12.673822839752562;152357697;11.06941;
41.923222628701645;12.673633491179967;152400749;10.084118;
41.92328117407851;12.673274418377812;152403702;10.491191;
41.92321096292228;12.672908808789725;152406723;10.440352;
41.92313200261479;12.672556868545339;152409719;10.362332;
41.9230758246015;12.672202888052963;152412721;9.799009;
41.92306060840946;12.671856667525827;152415714;9.283149;
41.92307061154057;12.671529704827176;152418712;8.904042;
41.92308785189655;12.671222390714036;152421713;8.520924;
41.923103883129905;12.670903743152444;152424683;8.836802;
41.92312341089687;12.670582020997093;152427699;9.069686;
41.92315604888663;12.67024378486621;152430694;9.361661;
41.92321538456382;12.669932040776462;152433716;8.711774;
41.92333264115172;12.669662580380178;152436711;7.99562;
41.92346812569791;12.669397998530668;152439737;9.546192;
41.923622282264816;12.669125099531975;152442705;9.252447;
41.9237810498509;12.668861124676347;152445703;9.306056;
41.92392495532535;12.668610614086319;152448706;8.056841;
41.92394309153348;12.668313695536433;152451717;8.3713665;
41.92378281675696;12.66808962139155;152454677;8.967154;
41.92360753064742;12.66799592118789;152457715;5.766589;
41.92353325315215;12.667960374920385;152500712;1.9371128;
41.92346030168689;12.667924098500103;152503690;4.0065284;
41.923323863422524;12.667856091640108;152506711;5.9494624;
41.923126594801154;12.66775858982899;152509694;8.463738;
41.92290198264392;12.66765014187971;152512712;8.40739;
41.92270161576515;12.667547701081945;152515701;8.05856;
41.92252718995006;12.667414793594254;152518699;7.4485345;
41.92237710793909;12.667178121699555;152521726;9.130802;
41.92230877737521;12.666803450059396;152524725;11.376818;
41.92235054892239;12.666357346602078;152527707;12.937557;
41.92233219818422;12.665886594264666;152530698;13.336338;
41.92208555832354;12.665427845790639;152533733;17.639456;
41.921868420821646;12.664801160055022;152536748;20.22862;
41.92178998542021;12.66408681752398;152539713;19.589756;
41.92165995279874;12.66341348487307;152542690;18.875141;
41.92146140941524;12.662784304890131;152545740;19.051188;
41.92123020339651;12.66220218623877;152548694;18.082188;
41.92103993991427;12.661689989909044;152551738;14.826646;
41.9208692554489;12.661202029052859;152554697;15.660111;
41.920700738690655;12.66066475944404;152557720;16.617779;
41.92054142929168;12.660064794513472;152600707;17.887867;
41.92034847587075;12.659462436677734;152603706;17.7427;
41.920164819400725;12.658871634816084;152606713;17.214468;
41.91997046650392;12.658281845602696;152609719;17.658672;
41.91981556813212;12.65767590259052;152612699;17.785395;
41.91970198268888;12.65706767692511;152615703;17.911543;
41.91960100031501;12.656406981240057;152618737;18.720243;
41.919514876625556;12.655711541219405;152621701;19.314564;
41.91943289841346;12.655020759589293;152624672;18.379389;
41.91932962734832;12.654368475538964;152627713;17.37085;
41.919208324971635;12.653806888881062;152630707;16.9882;
41.91897317936179;12.653297111090556;152633709;16.538115;
41.91867075395442;12.652899658847502;152636700;16.023872;
41.918310111504574;12.652579630569733;152639717;16.927998;
41.917868182727304;12.65241859569775;152642704;16.488852;
41.91742656318488;12.652331294007755;152645711;16.606337;
41.91698546738851;12.652201113855263;152648711;16.705652;
41.916555414387304;12.652009307619087;152651700;16.781404;
41.9161420223389;12.651760398130538;152654712;16.608362;
41.91576379604037;12.651471195957972;152657696;15.458137;
41.91544356802825;12.651131668311896;152700724;14.547859;
41.91517515592288;12.650817095973673;152703724;12.186511;
41.91495634715876;12.650647051235774;152706728;9.519602;
41.91468705745317;12.65047607468112;152709714;11.774703;
41.91437474767373;12.650288315462191;152712701;13.339158;
41.9140017657604;12.650099762719185;152715715;15.498998;
41.913601310210524;12.649917306462202;152718683;15.654308;
41.91324173807817;12.649706541385854;152721735;12.215276;
41.913045506106954;12.649570504826281;152724713;5.1083713;
41.9129485056594;12.649507023335541;152727705;4.2376027;
41.91283633744383;12.649423018294641;152730708;4.677207;
41.91275704799553;12.649377846063308;152733749;2.932502;
41.91265020018543;12.64934568765312;152736713;4.6113687;
41.9125029307144;12.649191648447669;152739717;8.184578;
41.91238138667447;12.648908716353615;152742719;10.113904;
41.912203519621386;12.648556343121943;152745713;12.303925;
41.9120035672211;12.64818089413945;152748705;12.99779;
41.91180182639038;12.647784885635069;152751707;13.535324;
41.91163667548127;12.647316685932307;152754716;14.694421;
41.91153850689431;12.646793619319086;152757722;14.993359;
41.91149734117276;12.64626136660923;152800717;14.701132;
41.91148197116267;12.64568048955173;152803658;16.439089;
41.91147778970693;12.645081675508198;152806601;16.398083;
41.9114980703037;12.644495022137777;152809590;15.38904;
41.911530064606296;12.643943974025536;152812618;15.633759;
41.911586970778316;12.643385297587978;152815597;15.533325;
41.91164674318143;12.642836369821104;152818618;15.316646;
41.91169310110927;12.642261051702736;152821630;16.023247;
41.9117153305763;12.641675638133156;152824602;16.295273;
41.911683320661;12.641158980054161;152827621;12.81783;
41.91162199896283;12.640826161792287;152830636;7.71232;
41.911562942846544;12.640635994366324;152833617;5.5672283;
41.91151609744136;12.640459291441982;152836623;5.101323;
41.91145139981226;12.64028868598082;152839624;5.3066964;
41.91138136414087;12.640089823695691;152842573;6.2517204;
41.91137623534646;12.639832054675201;152845624;7.134477;
41.91122869819045;12.639639194017523;152848612;8.554633;
41.911014935250584;12.639409319390044;152851623;10.855666;
41.91090199396557;12.638974694113317;152854573;13.347474;
41.91084367818584;12.638444515724347;152857600;15.125101;
41.91087387124155;12.637861307279506;152900632;16.39977;
41.91087012216085;12.637256224640709;152903646;16.904106;
41.9107208901384;12.63663517960042;152906650;18.691818;
41.91057604684889;12.635953712628885;152909638;19.985313;
41.91050641605286;12.635210762928455;152912637;20.682251;
41.91051994394683;12.634479645281294;152915652;19.77335;
41.91052884527642;12.633791749908127;152918636;18.622475;
41.91037334476463;12.633156311992686;152921622;18.990294;
41.91014493830464;12.63256454606377;152924607;18.095047;
41.90991743387531;12.632019096618508;152927613;17.128832;
41.90972838748116;12.631439264245175;152930630;17.719193;
41.90956382364355;12.630821231988444;152933635;18.24628;
41.909409214244704;12.630228647927112;152936624;16.990746;
41.90926220073228;12.629649590474108;152939617;16.891249;
41.9091191487572;12.629075681392978;152942619;16.637026;
41.90896849135483;12.628522964980638;152945624;15.968804;
41.908721764291954;12.628050502302683;152948623;16.031883;
41.90837619606543;12.62774204828635;152951627;14.79124;
41.908105231356714;12.627384444663557;152954625;13.587224;
41.90796351951324;12.627121912845611;152957634;6.655178;
41.907815553410956;12.627078518266211;153000633;7.3289366;
41.9075641410053;12.627141925074259;153003627;10.615646;
41.90726180519291;12.627184476173563;153006627;11.689465;
41.90695715606192;12.627010134268673;153009629;12.880754;
41.90670373858577;12.62664062737569;153012641;14.409926;
41.90644404944592;12.626221854637716;153015629;15.532982;
41.906156560503;12.625836467299457;153018656;14.866553;
41.90575638018368;12.625668686541127;153021646;16.259556;
41.9053037347379;12.625613621509833;153024627;16.562462;
41.90485274066131;12.625500836833018;153027622;17.452946;
41.90440353730707;12.625164269617885;153030627;19.188112;
41.903927707305854;12.624855230579403;153033630;19.63406;
41.903387577805134;12.624747146992437;153036659;20.668653;
41.90282779724279;12.624696610924612;153039638;20.636885;
41.90227907772121;12.624633831002031;153042634;20.321634;
41.90172487258663;12.624571838533317;153045630;20.551016;
41.901194980089215;12.624490252132668;153048627;19.099522;
41.9007235235692;12.624436891298842;153051649;16.579327;
41.900373488913175;12.624722076405416;153054636;15.570067;
41.90009903181296;12.625184832517922;153057630;16.35898;
41.89970170637895;12.625428740551161;153100582;16.56446;
41.89924202324221;12.62549588586684;153103602;17.060637;
41.89877075028911;12.625557048502197;153106609;17.651573;
41.89828452989229;12.625619401912603;153109629;18.432352;
41.89778623953974;12.625697670002616;153112611;18.295727;
41.89731465842571;12.625774154801237;153115608;17.139734;
41.89685294929088;12.625841956167642;153118622;16.902124;
41.896388415865516;12.625911314128086;153121623;17.316717;
41.89590922992743;12.625937825729398;153124629;17.71593;
41.89546403506327;12.625730534628007;153127625;17.432331;
41.89513127075662;12.6253051599763;153130632;17.047081;
41.894779739658205;12.624908080312537;153133623;17.575954;
41.894331114035495;12.624658375752947;153136628;18.098545;
41.893868570468875;12.624510677849969;153139630;17.344305;
41.89346504346857;12.624399679706562;153142586;12.411105;
41.89325176763252;12.624346790378196;153145651;5.933967;
41.89317667197351;12.624322641046094;153203597;0.0;
41.89312657610265;12.624304180348279;153255619;0.0;
41.89305586513123;12.624282652821112;153258635;3.2079551;
41.89290207579916;12.624230651150707;153301613;7.0613894;
41.89266799248296;12.624173873481316;153304625;9.656321;
41.89239845431786;12.624087523585168;153307642;11.061435;
41.89211304731118;12.623900078726335;153310634;12.764802;
41.89184623266456;12.623579535553565;153313639;13.886353;
41.89157255515659;12.62322848051205;153316634;14.555169;
41.891273007590144;12.622860377205873;153319624;15.25154;
41.890984872041706;12.622467421485098;153322623;15.159237;
41.89062479122414;12.622182618880856;153325633;15.859209;
41.89020357307139;12.621991415806779;153328626;16.848368;
41.88977618132563;12.621807009752903;153331636;16.565073;
41.88935277127389;12.621617542824264;153334635;16.079306;
41.88895779502899;12.621440781940695;153337640;15.320449;
41.88857707158783;12.621285274106235;153340638;14.539128;
41.88820537107376;12.621128087432249;153343628;14.796047;
41.88784357753835;12.620957651659257;153346632;13.932891;
41.88746860859772;12.620793445018801;153349645;15.056939;
41.88705834032236;12.620571122745353;153352662;16.94057;
41.8866505758891;12.620230470981408;153355611;17.74337;
41.88625082445374;12.61991626357784;153358626;16.668848;
41.885878263357114;12.619688483762957;153401633;13.804798;
41.885644706510995;12.619569481428627;153404632;6.4193277;
41.885573692431514;12.619529006973506;153407639;2.836239;
41.885441571821815;12.619451953140391;153410629;6.7968097;
41.885227943470525;12.619337817210651;153413631;9.126661;
41.88497253778266;12.619199265695267;153416630;11.119765;
41.88464966949136;12.619046286222398;153419628;13.332962;
41.88432731967468;12.618850640727958;153422634;12.038513;
41.884034562211866;12.618683378731545;153425634;11.919358;
41.8837463186125;12.618518607799306;153428622;11.61376;
41.88346529563649;12.618340475145962;153431634;11.593219;
41.883185033094435;12.618153501264327;153434633;11.506042;
41.88291292481326;12.617959664468579;153437616;11.229637;
41.88267063791292;12.617852304329132;153440628;7.5255327;
41.882467454984834;12.617791135279287;153443612;7.776233;
41.88229709769239;12.61794500020884;153446631;7.801005;
41.88221382387553;12.618238340445345;153449631;8.031163;
41.881972319170295;12.61836259602117;153452624;9.881775;
41.88172555351203;12.618610116265858;153455607;12.511567;
41.88147855933195;12.618975606524323;153458630;13.674992;
41.88126473082367;12.61934350525295;153501585;12.856902;
41.881038206423824;12.61974945834688;153504609;14.425363;
41.8807884549279;12.620179216347506;153507637;15.297818;
41.8805062706481;12.620607348469452;153510644;16.020466;
41.88019601202247;12.621020382371151;153513643;16.599575;
41.87983591933082;12.621459828985916;153516662;18.788874;
41.879433440849496;12.62196736335493;153519623;21.47696;
41.8790154328882;12.622580278099791;153522631;23.149637;
41.87866484851616;12.623193680996796;153525643;20.183722;
41.87840419110931;12.623772978046635;153528630;17.712828;
41.87820467263775;12.624285818437329;153531642;16.754868;
41.87796467525263;12.624896691205121;153534634;20.111101;
41.87768564114372;12.625604317874298;153537629;23.075043;
41.87737752092455;12.626368542579247;153540646;24.063784;
41.87705741432894;12.627081619259028;153543643;22.483828;
41.876705493772576;12.62772826277254;153546630;22.189749;
41.876290074366345;12.628347856108114;153549634;23.382753;
41.875831761794515;12.628907421025053;153552617;22.601877;
41.87535297485911;12.62939611586403;153555588;22.178425;
41.87485240473552;12.62983633759913;153558639;21.538221;
41.8743679536917;12.630268008504041;153601627;20.87276;
41.873929636053916;12.630692754776803;153604635;19.59779;
41.873508643511926;12.63107891328855;153607606;18.851;
41.873086025907135;12.631430455165013;153610619;18.350918;
41.87267997098316;12.631714999044906;153613616;16.305546;
41.872298860469535;12.631954182842497;153616650;15.788989;
41.8719509320192;12.63214072456553;153619644;12.195112;
41.871746889740365;12.63225270901202;153622642;5.4444566;
41.871704815834654;12.632274332824947;153625619;0.60448277;
41.871659269859606;12.63229440197623;153629625;2.6299021;
41.87153078972616;12.632367733772679;153632642;6.3897905;
41.87134908017318;12.632492194489199;153635633;8.511082;
41.8710992589801;12.6326940019596;153638639;11.861655;
41.87081471121479;12.632981812681223;153641641;13.53395;
41.87053567168003;12.633320459627098;153644638;14.295919;
41.87024010288373;12.633693190354258;153647618;15.263926;
41.8699803123826;12.63403418800251;153650597;12.594783;
41.869738360460936;12.634360273913591;153653621;13.054051;
41.86947335713032;12.634685775581524;153656634;13.341155;
41.86920698230671;12.635029735141687;153659631;14.268433;
41.8689113418998;12.635400363588513;153702591;15.411128;
41.86860679083501;12.635794552533097;153705638;15.521464;
41.868295007404484;12.636189379210997;153708622;16.107761;
41.8680080876852;12.63662243933593;153711630;16.15102;
41.867752376267994;12.637069370292874;153714660;15.198393;
41.867535013224035;12.637450350940043;153717627;11.951198;
41.86736421420045;12.637714889036953;153720649;8.092126;
41.86725407156346;12.637859876385352;153723606;4.0000105;
41.86721777049981;12.637901230881834;153729637;0.32013065;
41.86716327330397;12.637957450860316;153733650;3.440814;
41.86706705818964;12.638054202803055;153736646;5.9234915;
41.866928991699325;12.638176213648563;153739631;5.6369386;
41.866869384212706;12.638394339985373;153742620;7.607712;
41.866932610352144;12.6386429298498;153745622;6.7637978;
41.86704266883696;12.638849212655742;153748636;7.126409;
41.86716130018965;12.639042347809655;153751613;6.2591166;
41.86727335371629;12.639217103578359;153754591;6.5859528;
41.867408509451856;12.639411219326927;153757628;7.106762;
41.86753680409892;12.639599916820297;153800644;6.4133797;
41.86766013896356;12.639783750745;153803626;6.461369;
41.867786417062526;12.639980581516822;153806625;6.9552135;
41.867899085922495;12.640143653266724;153809639;5.711198;
41.86801786705086;12.640338668456852;153812634;6.9213705;
41.86815305009453;12.64054094485959;153815631;7.6409874;
41.86826173840903;12.64072642505428;153818625;4.3942547;
41.86829508983863;12.640767490699632;153824608;2.4741044;
41.868350294644365;12.640854584340875;153827626;3.298124;
41.86841766328218;12.640971496629653;153830632;4.45848;
41.868459623760565;12.641042795925804;153833621;0.97125417;
41.8684804741198;12.64110457526784;153840647;3.3309126;
41.86853964788205;12.641248071309697;153843655;5.276599;
41.86860640011563;12.641411622689063;153846633;6.090582;
41.868738318670296;12.641514694612997;153849604;5.832589;
41.86887080294876;12.64173701787957;153852606;9.144803;
41.86904173198384;12.642007443883475;153855633;9.98903;
41.86920205854075;12.642271752459228;153858624;9.249551;
41.86936038790887;12.642549788694673;153901651;10.026006;
41.86953404725027;12.642860605505438;153904624;11.276497;
41.86971557927648;12.643177898119411;153907619;10.569105;
41.869828146496594;12.6434050009734;153910620;6.4512515;
41.869826217309495;12.643655475959006;153913631;7.6206617;
41.86965602349249;12.643902667519086;153916652;10.11108;
41.869423147973805;12.6441387949335;153919628;10.253373;
41.86923479483886;12.64432562963818;153922625;7.477335;
41.86911646824838;12.644424394010418;153925621;3.9883988;
41.869080754580196;12.644461624828804;153928635;0.32917348;
41.86903587201924;12.644488418558518;153949621;3.3625448;
41.868909411808765;12.644633237273345;153952648;7.036744;
41.8687229103969;12.644837223511718;153955618;9.417489;
41.868550216471455;12.64500486220248;153958617;6.1239505;
41.86842199489066;12.64500391901969;154001635;4.9198036;
41.86826437985535;12.645130894094176;154004637;7.7986894;
41.86808673316139;12.645297970606585;154007627;7.874328;
41.86795639987487;12.64544669081778;154010635;5.9144197;
41.86783484262119;12.645591567740464;154013632;6.4394226;
41.86771143031415;12.645746519218601;154016640;4.6334906;
41.86763136470406;12.64580869455349;154019623;2.3124483;
41.867641112526016;12.645749196212863;154126627;0.9149728;
41.867692429426846;12.645757786048044;154203639;0.0;
41.867651932396804;12.645791782882467;154220562;0.0;
41.86760530253888;12.645812586169479;154236632;1.1728511;
41.86757486336835;12.6459046947303;154245619;1.4437581;
41.86754961643593;12.64597043080973;154251632;1.2187444;
41.867513310851734;12.64605375137;154259638;1.0471184;
41.86747542257329;12.646101135122281;154304638;1.0959395;
41.867450568773705;12.64615276049377;154309632;1.0814669;
41.86741927546234;12.646211543747645;154314645;1.1164808;
41.867366309828185;12.646234686110022;154320632;0.9447643;
41.867312800977146;12.646282216749102;154327635;0.90919745;
41.86728868276259;12.646337245608816;154331662;1.1223236;
41.86725093835445;12.646394187981409;154336639;0.86477435;
41.867214329861376;12.646452594787418;154343628;1.0360997;
41.86721096642557;12.646526537588267;154348634;1.3566093;
41.86724270181127;12.64658731954188;154352648;0.98082733;
41.86728181018876;12.646647410419229;154356635;1.6556215;
41.86731693781254;12.646695696047464;154401628;1.3083456;
41.867355258306;12.646745952586938;154406596;0.89597756;
41.86740561072563;12.646784283753206;154411619;1.0701247;
41.867440220250565;12.646824479539676;154415632;0.9678759;
41.86746725403337;12.646879666088232;154420631;1.2867572;
41.86743593014662;12.646949943603044;154430622;0.92590785;
41.867408546900464;12.64699912897755;154433638;0.0;
41.86735724317295;12.647025641865303;154440626;0.0;
41.86733466527006;12.647078441600305;154518588;0.0;
41.867289687691525;12.647087787018762;154553594;0.0;
41.86724547243563;12.647073207513388;154750592;0.47756296;
41.867288213025944;12.64709481261721;154813626;0.02338717;
41.86729067688719;12.647155049696357;154854603;0.016013231;
41.86724700203034;12.647130394624877;154920626;0.08589249;
41.867268075706754;12.647073093100826;155238626;0.17296901;
41.867227540265986;12.64712385433081;155310630;0.22219431;
41.867262057834225;12.647082335726047;155405605;0.008402343;
41.867321938708784;12.647031803410675;155429634;0.35047722;
41.86727771153546;12.647060242244526;155526600;0.21690802;
41.86723102590445;12.647044118821356;155708600;0.058861405;
41.86727399076744;12.647022028245456;155825566;0.041892987;
41.867324511385924;12.646999623381562;155906596;0.1491977;
41.86727930841912;12.64701730952898;160021577;0.14775246;
41.86728515995147;12.647080480610606;160101600;0.17085305;
41.86728116289671;12.647145204527908;160141640;0.12687159;
41.86727777853991;12.647085055442744;160254603;0.016189218;
41.867241159652544;12.647038976525371;160310624;0.2027757;
41.86728453241347;12.647057932744891;160413632;0.06711147;
41.86724459387014;12.647093771079758;160605625;0.1405728;
41.867216228155336;12.647043287989478;160642646;0.41954726;
41.86720018843483;12.64698116031905;160652636;0.693288;
41.86715109110743;12.646982026279437;160659593;0.68493795;
41.867105456583516;12.647019954233523;160705636;0.7670571;
41.86705612724452;12.647061111034443;160710626;0.62091047;
41.86701539631259;12.647092648966234;160717644;0.3382097;
41.867043921038274;12.647037832675041;160734624;0.48404196;
41.8670735844524;12.646990850063377;160741624;0.01747234;
41.867107448187056;12.646939321878142;160821600;0.040837508;
41.867150805522265;12.6469784417647;160829636;0.67530465;
41.86719159478847;12.647004155184964;160834644;0.015024526;
41.86723979265551;12.647022420305078;160841632;0.037705224;
41.867205499392185;12.646980473061527;160906630;0.5001824;
41.867157029090784;12.646977128201696;160915639;0.8035772;
41.867112412070334;12.647001217222;160924632;0.6569747;
41.86707371772785;12.647045119796323;160930626;0.56763726;
41.86703691856667;12.647088187975545;160936644;0.54391605;
41.86699940060793;12.647127938482425;160945630;0.8837583;
41.86695362271781;12.647146451773883;160949610;0.8547167;
41.866907419436835;12.64717810810831;160954639;0.8140217;
41.866892200964166;12.647236033255918;161001635;0.30792788;
41.866849226237825;12.647260065304275;161007627;0.8671437;
41.86679199321097;12.647275979836792;161012627;0.8413355;
41.866747133703335;12.647306882589664;161021616;0.16495332;
41.86669402737624;12.647281653104674;161033638;0.1638401;
41.86673798387269;12.647295299469096;161130593;0.22975323;
41.866697561766436;12.647326381918667;161136606;0.22937763;
41.86667408635842;12.647270977384212;161227640;0.4165909;
41.86671577761974;12.64724816006914;161234623;0.79360855;
41.866762336173515;12.64722749858863;161243616;0.5578657;
41.86679081940986;12.647176236742943;161247635;0.7373244;
41.866837108914076;12.647137898970344;161251625;0.37489864;
41.866877458867236;12.647103697580821;161302631;0.01679198;
41.86692226310343;12.64711045881186;161325595;0.007793011;
41.8669687582767;12.647112945098609;161450601;0.042388007;
41.86692261829191;12.647152953439411;161527656;0.8630504;
41.86688235663475;12.647205423877523;161534631;0.7028195;
41.86682920947067;12.647228255195541;161539631;0.020906443;
41.866784741035644;12.647263226066544;161546615;0.5580154;
41.866753901424346;12.647307120407028;161556618;0.4132695;
41.86670791826515;12.647307892279166;161603635;0.58343583;
41.866685128740315;12.647247399168288;161614627;0.03522432;
41.866658497417056;12.6473000815091;161640626;0.017498069;
41.86670459239625;12.647320899094852;161747634;0.9536156;
41.866692975624865;12.647379083793867;161805621;0.030236028;
41.866736622938035;12.647361824359969;161936603;0.01265713;
41.866686642315116;12.64735565241352;162049634;0.4695617;
41.86664461250744;12.647330108469927;162056631;0.050689958;
41.86664952859158;12.647267488131344;162110639;0.019788248;
41.866692484446986;12.647235050754334;162131637;0.6759978;
41.86674360255856;12.647219824173968;162138597;0.38544872;
41.86679659963795;12.647223181838724;162148641;0.46241793;
41.8668330898794;12.647262549812206;162158636;0.23851044;
41.86679011296466;12.647292602458212;162207629;0.4935279;
41.866818079549994;12.64723314523347;162222636;0.9003701;
41.86686104759408;12.647196621070623;162227640;1.0991548;
41.86690561046757;12.647174483078032;162233633;0.3292383;
41.866943356605454;12.64713192554313;162242639;0.62920266;
41.8669203222714;12.647193788693107;162327601;1.0808052;
41.86687222882058;12.647227376428143;162331633;0.95413244;
41.866826782308635;12.647251436584012;162334631;1.0535195;
41.866783312751934;12.64727734931629;162341625;0.5388037;
41.86675071244658;12.647326513712635;162344651;0.6087829;
41.86669319683945;12.64734269068851;162400625;0.17344575;
41.866670368252386;12.647288718935991;162429652;0.049574822;
41.86671961271613;12.647277068893713;162447639;0.40018463;
41.86676506955079;12.64725713682867;162505651;0.21096748;
41.86680855140255;12.647230519962706;162510633;0.34811062;
41.86684976199012;12.647186625077657;162514640;0.4043285;
41.8668910458755;12.647144076424514;162523632;0.20201379;
41.86693918905744;12.647123757524872;162532638;0.024144027;
41.86698214599358;12.647098955588506;162551631;0.5961033;
41.86696959636455;12.647037557620427;162600630;0.3188183;
41.866973386811544;12.64697252849453;162606632;0.71500874;
41.86700050424846;12.646922450223945;162609669;0.4152776;
41.86704638969746;12.646914101414472;162628633;0.05614772;
41.867087213251764;12.646888305078408;162707600;0.007581467;
41.86703996434431;12.64686614798878;162810603;0.06537251;
41.86700849826938;12.646911765787067;162834594;0.068058945;
41.867045785199025;12.646875587155465;163103632;0.5785173;
41.867081645363186;12.646834626931172;163107643;0.5322703;
41.867112333895726;12.646786916621245;163113628;0.2408428;
41.86716606030716;12.646801594830741;163118638;1.0640837;
41.8671464687253;12.646868515213612;163125639;0.6253792;
41.86709981542277;12.646907809341494;163132609;0.35269365;
41.86705845703628;12.646882810521848;163603584;0.03556097;
41.867107792724674;12.64688007091295;164127624;0.57881284;
41.867075425746094;12.646933763887795;164138619;0.2285642;
41.86703507670415;12.646906981771759;164314621;0.022827663;
41.86698913435474;12.646926144090099;164331635;0.31237566;
41.86698248240841;12.646863374271817;164341628;0.5064494;
41.86702757500606;12.646857227619059;164457590;0.0064062555;
41.867069781690134;12.646834125320613;164742588;0.013848764;
41.86702278889234;12.646825851925648;164905589;0.270114;
41.86697837929611;12.646803759060834;164951548;0.22324708;
41.86693145682737;12.646797901233224;165441630;0.48666215;
41.8669477765183;12.646854342579307;165503617;0.30336478;
41.866956279113154;12.646919620777169;165528641;0.5940099;
41.86701000708015;12.646900699723018;165627627;1.0774328;
41.86705340211063;12.646875177100396;165637637;0.017932722;
41.86703380188114;12.64693377220669;165719593;0.3624842;
41.866999965653946;12.646993098273038;165727625;0.55966306;
41.86698085723803;12.647047782931462;165738618;0.586719;
41.86695157498439;12.64709533824449;165744627;0.6408285;
41.86693042534778;12.647150718427019;165749627;0.8931815;
41.86688555742766;12.64719636072747;165754649;0.9256756;
41.866843614134424;12.647238214510052;165758625;0.9452022;
41.86679859034711;12.647261375931425;165801638;0.97935015;
41.866751838183355;12.647273226915662;165805617;0.9790738;
41.86679692756411;12.647234333527788;165824624;0.60127944;
41.86684130294552;12.647193225076704;165830626;0.51242536;
41.86688763916317;12.647154297634147;165834621;0.31738633;
41.86693227929103;12.647143451476284;165939621;0.41561142;
41.86695898376061;12.647218177491164;165945616;0.8478104;
41.86695270953617;12.647281259222622;165949625;1.1135021;
41.86695157191662;12.647350948210155;165955620;1.1651465;
41.86695727907974;12.647416509041395;170000637;1.1573042;
41.866955308978234;12.647484827902293;170004621;1.2139131;
41.86696454230619;12.647550460704883;170009631;1.2360706;
41.86697298627071;12.647625599551532;170014586;1.2288496;
41.866974286822305;12.647696489975711;170019631;1.1793187;
41.86697836848378;12.647760335593297;170025623;1.0851359;
41.86699419226246;12.647832734211823;170031634;1.0437107;
41.86700911641432;12.647890990807582;170035612;1.0537299;
41.86703221061887;12.647943724616232;170039614;1.0250455;
41.86706408435859;12.647986374168296;170045621;0.90820384;
41.86709504364796;12.648033056684637;170216605;0.7072685;
41.86707070967423;12.648086037899313;170225607;0.42604128;
41.867019446847564;12.648077546425968;170229606;0.2966361;
41.86705238366857;12.648030343306031;170415579;0.18457435;
41.86704659470632;12.647961894942094;170503612;0.9276291;
41.86709077351861;12.647944331925578;170517618;0.29449886;
41.867138167183455;12.647983568799473;170522613;1.08649;
41.867179079264034;12.648034781168272;170526606;1.2447748;
41.86722047691417;12.64806422020096;170531608;1.1109749;
41.86726114365955;12.648097014838745;170538617;0.6969882;
41.867304991277415;12.648114201356439;170608621;0.003946145;
41.86726810051619;12.648078248332975;170638624;0.59376305;
41.86723242998759;12.648041320981985;170643625;0.6941611;
41.86722410915151;12.647981723624527;170655607;0.058890756;
41.86727088375352;12.647987050952688;170715621;0.91081625;
41.86728927413098;12.648053032356014;170719639;1.052854;
41.86732529797915;12.64810407180338;170723617;1.0603675;
41.867376404226924;12.648123753515561;170726628;1.129312;
41.86743356225178;12.648136818271206;170730619;1.154197;
41.867481590593584;12.648146371811823;170733621;1.2101032;
41.86752460078897;12.648169961862498;170736621;1.2352673;
41.86756600465525;12.64820754217787;170740612;1.2116678;
41.86752104609219;12.648220578123038;170749618;0.86470413;
41.86747622035551;12.648207168876505;170753595;0.9238996;
41.8674323433775;12.648186224368674;170757616;0.89315856;
41.86738865306332;12.648163687877322;170819594;0.031968243;
41.86734932636531;12.648129859800935;170835617;0.8020596;
41.86729950729445;12.64813311305567;170844615;0.72150064;
41.86730758590657;12.648192484579262;170850614;0.8329454;
41.867301261947205;12.648261519957138;170940619;1.4466758;
41.86730033701381;12.648334346329447;170944603;1.2681963;
41.86730006730614;12.648397078464468;170948611;1.2354747;
41.86728571435228;12.648336680994959;171003616;1.0998302;
41.86727367383829;12.64827105266571;171008612;1.157573;
41.867245225979985;12.648224367411812;171015594;1.0266545;
41.86719531005914;12.648226245132145;171019604;0.976217;
41.867149850453906;12.648206705724773;171023611;0.9884182;
41.86711267975813;12.648166873796027;171027622;1.0366602;
41.86707334545443;12.648131399627806;171031609;1.0252863;
41.867026240223964;12.648110062650881;171034619;1.0819316;
41.866983148142275;12.64806865790658;171040611;1.0144085;
41.866942254720605;12.648033626229156;171100628;0.52319;
41.86698604985897;12.648016258985816;171132609;0.26748437;
41.867031267287885;12.648014679978841;171229581;0.11779281;
41.867068224153016;12.647968747782366;171339612;0.002698131;
41.86711423400626;12.647974357787321;171419626;0.50399685;
41.86709919772326;12.647908053317119;171627618;0.8195625;
41.867054351360515;12.647869183578948;171632635;0.6896799;
41.867038121842675;12.647812126842519;171646621;0.6012744;
41.867013978071654;12.647755286166783;171701622;0.6569506;
41.8670220798003;12.647818927590855;171727603;0.8172828;
41.867016944375074;12.647879772562115;171733635;0.8117426;
41.86700850924849;12.647938988348624;171739609;0.821106;
41.86699766776074;12.64800190737532;171747607;0.5535235;
41.86702496022679;12.647953367201662;171927623;0.651532;
41.86702274651004;12.647890847264252;172158640;0.008180369;
41.86702435617051;12.647952456396084;172528624;0.020044534;
41.86707074805219;12.6479441329146;172555598;0.17461994;
41.867032589732695;12.64790963961336;172720602;0.065068044;
41.86706776664429;12.647953549206822;173217616;0.45021975;
41.86703083666581;12.647917785707818;173334639;0.017442707;
41.86707271395224;12.647940135608449;173821624;0.022787252;
41.86703266236419;12.647912211417148;173912606;0.32062665;
41.86703849123712;12.647846962623122;173941634;0.87712616;
41.86702641554573;12.647913825996671;173951634;1.1042618;
41.86701566887863;12.647976616719214;173956630;1.0124147;
41.86701138041791;12.648038629644901;174004630;0.29567873;
41.866972098987155;12.648008966150233;174119589;0.016895408;
41.86701798916388;12.648013991793247;174314615;0.055182587;
41.86700379479781;12.647954453422402;174358630;0.54703254;
41.86701089794191;12.64789353981895;174404628;0.89271224;
41.867038736011224;12.64783465819217;174409633;0.9122292;
41.867065386039755;12.647780166756615;174415628;0.856841;
41.86703900249596;12.647719393869272;174427634;0.6504611;
41.86707949354032;12.647690078121014;174445637;0.03511228;
41.8671136627988;12.647739860876232;174618639;0.6905585;
41.86714713955865;12.64778416507286;174624632;0.7680502;
41.867100759325965;12.647758094645924;174654634;0.068568915;
41.86709356427296;12.647818361040892;174709584;0.85659903;
41.867057848344295;12.647870501797199;174731609;0.4785692;
41.867035838153356;12.64792530644352;174738634;0.782208;
41.86701446464452;12.647985273511026;174746641;0.78172624;
41.867017011041995;12.648046406239114;174822621;0.6430403;
41.867026659866895;12.647982377912419;174927622;0.66895187;
41.867031597333565;12.64791903095357;174938619;0.007130558;
41.86706795579127;12.647956695252986;175722620;0.0053366995;
41.867111793249386;12.647938311534505;180919572;0.36732087;
41.86712500664734;12.648000855050167;180928623;0.017589683;
41.86709158016902;12.648043920124639;180934616;0.8461503;
41.86704388257177;12.648048194974557;180942621;0.3402896;
41.867021945263566;12.648103793661514;180956626;0.33490685;
41.866980691653026;12.648067333741848;181051627;0.0;
41.86701393546122;12.648021165568078;181205630;0.5847684;
41.86705187258333;12.64805703721146;181219605;0.364934;
41.86701708534796;12.64800562308069;181240629;0.46135134;
41.8670318662843;12.647944602455345;181249621;0.3629893;
41.86704709346601;12.647887815879244;181259590;0.008021804;
41.86705509195803;12.64795057587969;181327631;0.47900465;
41.867029257690234;12.648005938738637;181334606;0.5705028;
41.86706314371596;12.647962995454444;181824590;0.1265071;
41.86704327238922;12.648022991955823;182331631;0.7704895;
41.867000575948985;12.64805506917871;182414624;0.53481203;
41.86700594075353;12.647995217772312;182507588;0.03729566;
41.86703705529759;12.647947668894263;182543612;0.71405214;
41.86705964826707;12.647892664267538;182600627;0.055824306;
41.86710337582468;12.64792583783294;182618625;0.84564173;
41.867087825325896;12.647983290072053;182817589;0.025096465;
41.86708889338062;12.64804787764156;183303578;0.06216941;
41.86708106245441;12.647988316454352;183537604;0.03510065;
41.8670818977588;12.647927386454;183653586;0.0052320925;
41.86705249745103;12.647983351259988;183710585;0.35162973;
41.867018827200624;12.648023510031173;183802637;0.18354562;
41.86700341374553;12.647962156260801;184034597;0.021007264;
41.86697258287226;12.647910745074245;184042636;0.73589814;
41.86694954239861;12.64785128609727;184048624;0.71474034;
41.86690715137732;12.647818003637994;184052638;0.7447933;
41.8668758412356;12.647772670324839;184057642;0.7601856;
41.86685473078708;12.647714271173918;184103630;0.49457854;
41.86687375445819;12.647657005922612;184107630;0.7853582;
41.86689454315207;12.64759858954752;184112615;0.815556;
41.866926209789824;12.647541307972375;184118653;0.66871905;
41.86694246350507;12.647483107538322;184122640;0.8288531;
41.86696500669117;12.647422253793318;184128624;0.6176387;
41.86699095261193;12.647372016742537;184134623;0.54935086;
41.86697779961242;12.647310430390174;184153624;0.03161633;
41.8669341765465;12.647289881754315;184203640;0.42070487;
41.86690100688647;12.647337850418467;184209634;0.4977378;
41.86686450537463;12.647381179128773;184214616;0.72801614;
41.86681483925052;12.647412747954236;184219627;0.517498;
41.86676543929779;12.647429601282154;184224622;0.31740555;
41.86671775379447;12.647430584908927;184232624;0.4089335;
41.86667655985221;12.647387529447759;184236611;0.6167008;
41.866683757514494;12.647457654882839;184321606;0.63875085;
41.866721457955514;12.647490858106085;184450631;0.43357944;
41.8666916751307;12.647429730710437;184518554;0.23955926;
41.86669746794946;12.647362169323463;184544612;0.141453;
41.86667203326129;12.647416441801072;184637635;0.7587639;
41.86662483921162;12.647421722762646;184644626;0.055347066;
41.86662557783261;12.647341023735414;184718059;0.5988704;
41.8666758730627;12.647326073893256;184723015;0.3832821;
41.86672042109931;12.647360093056118;184731020;0.61371785;
41.86671894157064;12.647424285907833;184750029;0.73194194;
41.86673865280572;12.647478533784668;184756018;0.53102213;
41.86668877456489;12.647495780530711;184806022;0.47177416;
41.86670608207504;12.647438684946506;184910001;0.5045617;
41.86668818658114;12.647368829799978;184918021;0.7341612;
41.86668303597622;12.647431650068006;184934979;0.7833853;
41.866691661478015;12.647368973455826;185005049;0.56575316;
41.86672750987925;12.647408921778299;185014042;0.8374712;
41.86668475671543;12.647442324996234;185031004;0.0;
41.866714069388166;12.647382727909658;185047020;0.23964751;
41.86667072211368;12.647409506748922;185102028;1.2091359;
41.866683595584526;12.64734711424565;185148035;0.58224565;
41.866686861687405;12.64740926535258;185205014;0.464997;
41.8666649059096;12.647341382721423;185301024;0.5104209;
41.866690872786315;12.64739228550992;185328021;1.0429767;
41.86671474953547;12.647446515564136;185337045;0.013508959;
41.86668836187307;12.64739119223918;185404035;0.5245393;
41.86665048718134;12.647354539210554;185418040;0.020754699;
41.866707834100666;12.647345525184624;185448032;0.6604597;
41.866739469403164;12.647403161093573;185456053;0.78359395;
41.866618962589406;12.6473589981531;185545025;0.014976837;
41.866673195370545;12.647350533497294;185551026;0.13419609;
41.866720265198886;12.647379632863856;185555029;0.2015472;
41.866676145673196;12.647394440797664;185632036;0.39672056;
41.8667246930104;12.647400895423274;185730020;0.90736884;
41.86676045943424;12.647438138956039;185750004;0.015262815;
41.86671541162153;12.647431226744253;185816020;0.0032482652;
41.86667632995366;12.647400277565817;185942015;0.061016914;
41.866714576494424;12.647362328985732;190106009;0.024367392;
41.86676618411909;12.647490578163781;190325952;0.100595005;
41.8667011605342;12.64746511615718;190329009;0.015933575;
41.866673786228745;12.647397125898882;190332018;0.011043276;
41.866628428625894;12.647408685144983;190335039;0.19680446;
41.866533536901855;12.64724368300062;190413027;1.6510603;
41.86663731709419;12.647330024446818;190416065;0.0014446963;
41.866663669252844;12.647388969614221;190424049;0.9304325;
41.86670061988957;12.647425494994984;190629973;0.18476376;
41.86671587493861;12.647367272436755;190734012;0.11129678;
41.86670249907203;12.64730955719426;190804024;0.43916568;
41.86673544160877;12.647252677710254;190813043;0.7955921;
41.866777490692975;12.647218346564959;190818030;0.9411538;
41.86682086308314;12.647181387634525;190823049;1.0271696;
41.86686267301144;12.64715880282828;190828031;0.9896468;
41.86690549296149;12.647129511457257;190833057;0.9761034;
41.86696687829185;12.647104813155414;190838040;0.90302724;
41.86700115030861;12.647064422547418;190843055;0.8781542;
41.86703943493582;12.647032435580712;190847044;0.9848211;
41.86709130163058;12.64702192045049;190852030;0.99218315;
41.86713521685719;12.646994731137596;190858036;0.45895463;
41.867180891889625;12.646963386328283;190903052;1.0363849;
41.867226467121725;12.646967122807027;190909047;1.0376222;
41.86724395408325;12.647024538514788;190917056;0.9704667;
41.86722157059236;12.646957069478637;190933046;0.8182646;
41.86720227358922;12.646891402074292;190937034;0.8315163;
41.867172400175775;12.646839007462718;190941043;0.9148075;
41.8671824877077;12.646769123894055;190948036;0.8009844;
41.8671827280561;12.646689816967486;190951044;0.9641864;
41.867158921972354;12.646631058845099;190956034;0.91317165;
41.86712803602047;12.64658310576085;191002044;0.7787418;
41.86711367861072;12.646514187857258;191009031;0.94259614;
41.86714787205599;12.646452511673303;191015053;0.97329164;
41.867190223533434;12.646403500621215;191019044;1.0683149;
41.867231979753896;12.64637180607337;191022031;1.0996995;
41.86726762637847;12.64632702708268;191025054;1.1504563;
41.86729612872404;12.646275435107547;191029040;1.190217;
41.86733211301704;12.646224567626344;191034037;1.1247889;
41.867373794471526;12.646195098947521;191038054;1.1728772;
41.86741911027781;12.646142111836387;191043020;1.1977184;
41.86745588542465;12.64608621073172;191047034;1.2428225;
41.86749037792641;12.646039971450962;191051046;1.2495639;
41.86752107539413;12.645991677201312;191055024;1.2123644;
41.86755026609767;12.645930282341697;191100032;1.1881578;
41.86758632544389;12.645884569767926;191104044;1.1833739;
41.86761402304218;12.645834830142267;191108027;1.1989805;
41.867643084385726;12.64578540149945;191113042;1.1642736;
41.86766997066312;12.645732437918094;191118028;1.093714;
41.8676488954855;12.645799061934943;191212974;1.6673962;
41.867595859109606;12.645895082891867;191216052;2.8379786;
41.8675710176935;12.645995466371245;191219034;3.1172953;
41.867597437319034;12.64604637037059;191228995;0.05814834;
41.867649698746334;12.646050636373225;191234050;1.93621;
41.867750948363685;12.645962666850698;191237040;3.8746576;
41.867868159691454;12.645833761637654;191239995;5.7996836;
41.867993788531514;12.645689459509645;191243041;5.9975343;
41.86810045067888;12.645559859774165;191246045;5.147181;
41.8682130130901;12.645429824149186;191249051;5.9728913;
41.868348690841785;12.645284037806091;191252048;6.4608617;
41.86849651499218;12.64512632492042;191255079;7.130598;
41.86863962029103;12.644964430453747;191258032;6.9045444;
41.8687612277164;12.64483591451657;191301046;4.5685644;
41.868813024573754;12.644776049632393;191304025;1.2441404;
41.86886505616362;12.644729872465398;191323030;3.603109;
41.868977823160144;12.644612038284466;191326042;5.777306;
41.86913510014925;12.644441063571925;191329006;8.375454;
41.869305456437054;12.644251120825075;191332017;8.079554;
41.86947687585225;12.644062281502075;191335040;8.344674;
41.86964981579135;12.643881399939245;191337998;7.963499;
41.869790004344814;12.643739251584993;191341001;4.8505254;
41.869832701740975;12.643692345772434;191344001;1.7923231;
41.869896047498244;12.643629021876027;191347049;4.356368;
41.86998085616694;12.643474103225172;191350029;5.2805376;
41.86991739042135;12.643330927489272;191353012;5.1036115;
41.86979007007614;12.643190626170702;191355982;7.0319905;
41.86965096777668;12.642974211853945;191359001;8.056584;
41.86950199629709;12.642737391515844;191402041;8.658379;
41.8693625001892;12.642516958301513;191405018;7.736904;
41.86922982351128;12.642298298562746;191408009;7.947647;
41.86909704332081;12.642085365086748;191411043;7.223445;
41.86902886693538;12.641972225813587;191414013;2.6605177;
41.86899791567174;12.6419235799559;191419049;1.1730802;
41.868945802380374;12.641836730410269;191422026;3.953801;
41.86886411884714;12.641704472419212;191425042;4.6860185;
41.86879791608779;12.641603192395534;191428039;3.1640894;
41.86875191653026;12.641528140000107;191431013;2.3265243;
41.86872344857;12.641477120903321;191440031;2.5030975;
41.868670165016155;12.641332267468215;191443050;5.0220485;
41.868606107443654;12.641194531871303;191446033;4.2657323;
41.86851748034896;12.641117553600989;191449054;3.7113292;
41.86843528247188;12.641014144719803;191452045;4.798404;
41.86833492769313;12.640868204752532;191455026;5.673913;
41.86823443066727;12.640707293249541;191458012;5.3800693;
41.86815623780856;12.640583110691068;191501042;4.174942;
41.868088141425794;12.640473220539018;191504048;3.8294866;
41.86802546511279;12.640370780619966;191507045;3.6575763;
41.86793908960426;12.640242067281402;191509997;5.085215;
41.867845088932164;12.640101517618081;191513037;5.231865;
41.867749714892355;12.639954575757663;191516026;5.4740753;
41.867646736393766;12.639791780823634;191518991;6.2578273;
41.86753137899493;12.639599963660983;191522047;6.8702974;
41.86740746902502;12.63940189914652;191525041;7.3515906;
41.86728653920956;12.639205017848088;191528038;7.056335;
41.86716864871708;12.638998156316443;191531048;7.0687985;
41.867086584347035;12.638824009907925;191534005;4.359501;
41.86705105888706;12.638755697641209;191537047;1.2890362;
41.86702548898724;12.638696836785932;191548050;2.3321583;
41.86699590439115;12.638594886953507;191551034;3.0996614;
41.86700527902598;12.638493035861424;191554053;4.5612116;
41.86712697365072;12.638342647214065;191557032;6.724972;
41.867317006113154;12.638128143553567;191600064;10.845253;
41.867556739825986;12.63785643659203;191603066;11.912362;
41.86781632249022;12.637539509173608;191606049;13.230751;
41.868073551934906;12.637200815573179;191609047;13.553499;
41.86833716668294;12.6368405210903;191612006;14.142202;
41.8686041382898;12.636455321517555;191615006;14.843582;
41.86888432078257;12.636061629065582;191618044;14.831239;
41.869170625046955;12.635669598750358;191621016;15.382964;
41.869463035604824;12.63526772477591;191624043;15.335722;
41.86974142190713;12.6348970402592;191627050;14.13686;
41.87000057892847;12.634559340391139;191630020;13.043114;
41.87024078394342;12.63425055454205;191633039;11.910774;
41.87045847381021;12.633970742274101;191636033;10.596558;
41.87059610230976;12.63380006677414;191639015;4.16824;
41.8706336365405;12.633757462945043;191644048;0.5292626;
41.870674113799;12.633720921441377;191654040;2.1275465;
41.87076380559351;12.633619119845845;191657047;5.1556144;
41.87089285740631;12.633469622520092;191700040;7.2254286;
41.871056414878716;12.63329097048261;191703044;7.774407;
41.871245276817355;12.633103054200621;191706029;9.102482;
41.871464806929644;12.63290168230076;191709019;10.298472;
41.871719356217326;12.632686869322434;191712025;11.422751;
41.87199631470916;12.632461804378949;191715003;12.156394;
41.87229824160673;12.6322252181089;191718038;13.403042;
41.8725970335869;12.631991925033313;191721040;12.520216;
41.872895548758315;12.631761699625327;191724039;13.063653;
41.87320166760024;12.631517487349132;191727039;13.204443;
41.873525783718975;12.631234447132204;191730039;14.978785;
41.87388928389277;12.6309082205034;191733027;16.651672;
41.874261004977335;12.63056300753456;191736027;16.808756;
41.874631485632285;12.63021716486157;191739040;16.588043;
41.8749711907213;12.629896125564935;191742038;14.434243;
41.87527080147;12.629603277358447;191745046;13.403654;
41.875575625461366;12.629315664698026;191748038;13.800301;
41.8758746171314;12.629007973991765;191751043;14.021049;
41.87616364000735;12.62866649334621;191754038;14.354363;
41.87645270219118;12.62827078350522;191757053;15.498004;
41.87672948537107;12.627839064331546;191800044;15.931781;
41.87699105288097;12.627390207818449;191803014;15.780258;
41.87722459457199;12.626926558721692;191806038;15.705929;
41.877441472092634;12.626437774802076;191809052;15.560577;
41.87764059790562;12.625951192522706;191812042;15.042896;
41.877829756549126;12.625469381131241;191815048;15.275837;
41.87801415247568;12.624988814419334;191818026;14.961953;
41.87820756284878;12.624468075373711;191821052;16.669418;
41.878431697439474;12.623895667878358;191824042;18.64402;
41.878724966324825;12.623270069595886;191827076;21.368277;
41.87910494863094;12.622603256159703;191830044;24.131836;
41.879568008978424;12.621947952141474;191833032;24.747124;
41.8800411427855;12.621362114232143;191836061;23.5014;
41.88049384942407;12.62081024553292;191839042;22.298643;
41.88092316108573;12.620288135217821;191842040;21.089897;
41.88135190085943;12.619830930538413;191845052;19.83864;
41.88178883210768;12.619483980282263;191848059;18.678019;
41.88223540819285;12.619248790617252;191851045;16.995731;
41.88260580072316;12.619135239532222;191854055;12.583596;
41.88286077750268;12.619080624155906;191857050;7.5597854;
41.883006720560594;12.619059380004115;191900047;4.4322667;
41.88308170820282;12.61901501037647;191903052;1.519275;
41.88311049208061;12.618927556792384;191911048;3.6601079;
41.88312720859894;12.61878819837019;191914047;3.8407216;
41.88303237255364;12.618585936855384;191917042;6.333291;
41.88290159006528;12.618488528065795;191920041;4.878368;
41.882816439203616;12.618436737499938;191923039;2.9280694;
41.88277122086946;12.618412346678348;191926046;0.9184196;
41.88272622308921;12.618390867830325;191934050;1.5284737;
41.88266565527339;12.618346411355228;191937053;2.4801867;
41.88263981095489;12.618277694109915;191940050;1.4437398;
41.88263757219119;12.618207915397692;191945054;0.68987024;
41.88263158278682;12.618141984712866;191950045;1.722303;
41.882664799655885;12.618026470496234;191953032;4.4364777;
41.882794350170656;12.61798867956236;191956052;5.249497;
41.88291214571983;12.6180557533843;191959052;4.2597995;
41.88301520109335;12.618126813837561;192002049;4.698997;
41.883152541655456;12.618221247757676;192005032;5.9188805;
41.88328796444425;12.618315423277924;192008031;6.081264;
41.883451918252604;12.618426887288345;192011060;7.3365464;
41.8836446391195;12.618548156981447;192014039;7.2063403;
41.88375385756488;12.618627318124926;192017037;4.6639028;
41.883926242064504;12.61871791506205;192020035;8.3081255;
41.884111149400404;12.618807500766385;192023030;5.3788247;
41.88422035335957;12.618854369134755;192026057;3.5153913;
41.8842642134366;12.618878022449824;192029046;2.0315716;
41.88436308526454;12.618929615744701;192032061;4.7172914;
41.884506141258036;12.61900765580674;192035050;6.1079783;
41.8846549317537;12.619084018997894;192038036;4.693123;
41.884697512090554;12.619104559192813;192041045;0.4802907;
41.884768522451765;12.619141170462992;192050035;3.6472545;
41.88487284535993;12.619198035753824;192053100;4.4027576;
41.884962543580805;12.61924259676849;192056020;3.1140168;
41.8850330861154;12.619284083979363;192059064;2.856289;
41.88511370008222;12.619325481559054;192102059;2.880849;
41.885185774400746;12.619360090890668;192105060;2.7942405;
41.885248134131395;12.619393781588913;192108050;2.4313176;
41.88533603508518;12.619440409829402;192111047;4.239095;
41.88548538621912;12.619520574277058;192114042;7.163018;
41.88568139371232;12.61962483422167;192117063;8.002874;
41.88590371055541;12.619748126424932;192120033;8.981257;
41.88615507409869;12.619905769060507;192123030;11.057351;
41.88644669301431;12.620135990276207;192126056;13.05206;
41.88675200243758;12.620404576558721;192129034;13.666182;
41.88706957095974;12.620681451821936;192132049;13.001619;
41.88730801195414;12.620836405190518;192135055;8.256034;
41.88749124029138;12.620921480160444;192138065;6.838346;
41.88768738623097;12.621006929697135;192141036;8.07303;
41.887904927353205;12.621094682545223;192144048;8.6835375;
41.888157306339494;12.621194882248098;192147031;10.377591;
41.888425868412064;12.621295769037701;192150063;10.178171;
41.88869259435986;12.62139772262925;192153042;10.638113;
41.88896940232744;12.621510829882183;192156030;10.527215;
41.88923188254409;12.621629035300005;192159054;10.051666;
41.88947585980509;12.621735603492029;192202040;9.1365595;
41.88970493312898;12.621840721399305;192205041;9.08822;
41.88995386997925;12.621947032547398;192208051;9.693155;
41.890194101455485;12.62205197089655;192211049;9.12271;
41.89039513960866;12.622135325831598;192214051;7.495884;
41.89053725305307;12.622198728821445;192217033;4.247341;
41.89058349393277;12.622219543461236;192220035;1.2303895;
41.89062975020431;12.622242991732183;192245063;1.6122512;
41.890721831170694;12.622294467595651;192248052;4.6214676;
41.89084255031881;12.622375406094672;192251036;5.0012712;
41.89096360385273;12.622492341538369;192254042;5.577342;
41.8910726049227;12.622617477792657;192257065;5.362698;
41.89119400286902;12.622772896821347;192300046;6.409677;
41.891307807664546;12.622920993083815;192303025;5.323743;
41.89139913377382;12.623041082979466;192306062;4.5893965;
41.89146764447237;12.623131500631063;192309051;3.0154653;
41.891499486917795;12.623176148814103;192321035;0.395872;
41.891537533472174;12.623221224751617;192327042;0.82253206;
41.89157758583166;12.623265210675726;192413040;0.38740313;
41.89160904384331;12.623315940374129;192430023;2.788875;
41.89167295896822;12.623401510293645;192433050;3.4183495;
41.89170768201924;12.623453285566756;192436041;1.0802507;
41.89174660411804;12.62350537948742;192441059;2.7129157;
41.89180318275552;12.623575599776798;192444060;2.8709202;
41.89185829490474;12.623646126102933;192447049;2.7917995;
41.89192065748997;12.62372673981019;192450061;3.4097085;
41.891990076728945;12.623817100166647;192453046;3.6365528;
41.892032701780856;12.623871155221357;192456049;1.374735;
41.892069298697365;12.623912100332761;192615054;0.49642137;
41.892101625439786;12.623955208814722;192622054;1.950382;
41.89220444401194;12.624059814170153;192625055;6.0975347;
41.8923355289592;12.624154991276693;192628024;4.7168374;
41.892417725955816;12.624201058988275;192631026;2.9464002;
41.89252557719445;12.62424181145538;192634035;5.100144;
41.892643858042184;12.62427027936442;192637050;2.4873881;
41.89270614868347;12.62428409538285;192640057;3.2258515;
41.89284530071864;12.624320855861724;192643051;6.61621;
41.89308676283621;12.624399981199259;192646031;10.737458;
41.89344400896995;12.624501086867653;192649036;14.514542;
41.89386978178688;12.624617829317993;192652063;16.91571;
41.894334074822616;12.624754874188367;192655041;17.724993;
41.8947620885242;12.624995278549575;192658018;16.8921;
41.89512338511196;12.625358207530732;192701041;16.113033;
41.89539518188024;12.625753610298696;192704044;14.410057;
41.89576480358995;12.625952443241538;192707049;14.9915495;
41.896181955305146;12.625993459144215;192710030;15.886925;
41.89662215783427;12.625927747890355;192713054;16.796219;
41.89708725516753;12.625850545280517;192716042;17.892887;
41.89759860896505;12.625776508414408;192719068;20.092731;
41.898153007490514;12.62569707448274;192722012;20.511406;
41.89868567226493;12.625606513342815;192725050;19.749853;
41.89919153370357;12.625535430701841;192728060;18.202284;
41.89965967892204;12.625470080179143;192731041;17.128103;
41.90005679060015;12.625307990282003;192733989;15.174485;
41.90034395229515;12.624909589724346;192737042;15.302188;
41.9006131959827;12.624565084735474;192740040;12.95638;
41.90097558088895;12.624537129752577;192743042;14.467209;
41.90138636339215;12.624595218486046;192746048;15.3006525;
41.90181815600489;12.624646392826374;192749040;16.544981;
41.90228463486105;12.624708769519406;192752054;17.801249;
41.90277190780382;12.624764091402335;192755045;18.324484;
41.903259559409705;12.624822449488603;192758031;18.087885;
41.90373036333717;12.624884371204159;192801068;17.026539;
41.90415053206385;12.625068844155322;192804032;16.269028;
41.904543043308344;12.625339525959799;192807045;16.118645;
41.90491276611587;12.625584270340731;192810042;14.844013;
41.90530445490777;12.625691432796128;192813056;14.630803;
41.90568455642748;12.625743752264924;192816044;13.74697;
41.906043878182174;12.625852525393679;192819046;13.861739;
41.906339623129156;12.626159936939924;192822044;14.085407;
41.90659005593544;12.62653040746805;192825049;13.164779;
41.9068060351451;12.626886468314238;192828044;12.354023;
41.907040535309136;12.627186376810482;192831039;11.775258;
41.90734242157403;12.627275800069706;192834029;11.523223;
41.90759405448011;12.627236294744794;192837032;7.957663;
41.90774634112047;12.6272037806359;192840029;4.4886;
41.907839123798;12.627190725351413;192843050;2.9389799;
41.90790492525959;12.627195550887123;192846055;2.7400126;
41.90800000572442;12.627306906990345;192849028;6.6374416;
41.908149757351964;12.62760296926619;192852042;10.899688;
41.9083995210797;12.627908324328128;192855047;13.36578;
41.90872912903038;12.62821641311784;192858039;15.4619665;
41.90895572662327;12.628736407308704;192901042;17.416628;
41.909124083444866;12.629357511696607;192904049;18.493196;
41.90929285569035;12.630001398560013;192907042;19.276094;
41.90945656551747;12.630661323253252;192910040;19.075357;
41.90961970789156;12.631301886035349;192913048;18.602314;
41.90980376798747;12.631949990097363;192916052;19.209198;
41.91004866034446;12.63255610789468;192919054;18.890074;
41.91028356067855;12.633142210687433;192922060;18.208715;
41.910466160698476;12.633736962333673;192925068;17.721619;
41.910509501170175;12.634345147547391;192928042;16.802992;
41.91047482024104;12.634954816282285;192931061;17.103548;
41.91050067042164;12.635570843546445;192934046;16.7523;
41.91055053429559;12.63615816642476;192937045;16.178186;
41.91066613013675;12.636669681506653;192940052;13.90964;
41.91076971714692;12.637067147606036;192943019;10.546058;
41.91084052804327;12.63736866452994;192946048;8.051811;
41.9108580512406;12.637663628650994;192949035;8.691302;
41.910837594534826;12.638016179490428;192952019;9.752135;
41.91081484306844;12.63835669447268;192955029;8.48922;
41.91080543780875;12.638640901621732;192958039;7.67774;
41.91082622835251;12.638892918628057;193001045;6.4879584;
41.910855575447606;12.639093645440024;193004046;5.4353366;
41.910888140785886;12.639255648742107;193007046;4.181431;
41.91090427859763;12.639317961865776;193010046;0.98106587;
41.91092964723515;12.639403308955497;193014034;3.1418412;
41.91098340122635;12.6395378629675;193017047;4.687623;
41.911021262122716;12.639630094999228;193020064;2.0574155;
41.91105026183319;12.639707859494337;193026040;2.3967855;
41.91108472733071;12.63988208725217;193029052;6.045805;
41.9111484610488;12.640090204461346;193032047;6.414326;
41.911291073883326;12.640257243841967;193035043;7.303638;
41.9114228646271;12.640492324016831;193038040;8.734548;
41.91152571598711;12.640822897757236;193041043;10.82917;
41.911597779309204;12.641201878446022;193044000;10.871156;
41.91163580818574;12.641589613261752;193047034;10.6926;
41.91163072682348;12.641965585139626;193050049;10.372884;
41.91161343174472;12.642340989261882;193053044;10.377579;
41.911574365499916;12.642725338461402;193056041;10.661348;
41.911531200408334;12.643098752247338;193059040;9.924745;
41.911500606777615;12.643398865884311;193102036;7.5901566;
41.9114779342928;12.643660491665624;193105032;7.7309403;
41.911462664181;12.643970081772549;193108057;8.934306;
41.91145531321402;12.644310236487053;193111050;9.538133;
41.91144622830011;12.64463089924059;193114045;8.4603405;
41.911438600097675;12.6449225657162;193117040;8.105248;
41.91142982379035;12.645223428363481;193120055;8.5491085;
41.911433129335215;12.645545136446547;193123046;8.748257;
41.911439959934555;12.64577334868789;193126045;5.5082564;
41.91144546152132;12.645948454998987;193129059;4.921833;
41.91145304478231;12.64618100210022;193132047;7.1569195;
41.91146420209553;12.646496768286038;193135063;9.804043;
41.91149731895419;12.646839516428775;193138062;9.506086;
41.911550584465004;12.64718591670154;193141058;9.982199;
41.91163859388536;12.647561677560871;193144063;11.186941;
41.911772092177394;12.647920956684292;193147008;11.01876;
41.911937946872484;12.648230522753575;193150040;9.895426;
41.9120757310724;12.648465372012723;193153017;6.564414;
41.91217320843822;12.648636166196829;193156026;5.6276975;
41.91223425401711;12.648744524978385;193159041;2.2640119;
41.91227135185034;12.648806850976346;193203075;2.344899;
41.91232887802843;12.648923732568903;193206055;4.608877;
41.912343206588396;12.649119319028276;193209058;5.590084;
41.912263123538835;12.649314971883577;193212038;6.757414;
41.912212060860355;12.649546327692226;193215042;7.108339;
41.912359698087236;12.649710781069329;193218038;7.430872;
41.91254912558117;12.649627462524444;193221031;7.624665;
41.912744816915875;12.649530539604159;193224038;8.223797;
41.913001037471005;12.649661868817448;193227057;12.043745;
41.91332122937904;12.64986781109146;193230038;13.479567;
41.91365380003963;12.650069209534966;193233050;13.656375;
41.9140014937721;12.650221730303157;193236054;13.245013;
41.91430175033065;12.650356595387029;193239041;10.815172;
41.91449467230696;12.650587322486478;193242042;9.075927;
41.914553893163784;12.650913595901502;193245056;9.21467;
41.914767692925466;12.651024083487329;193248052;9.030125;
41.914952473287386;12.650851754121538;193251029;7.8871794;
41.91515104435156;12.650874388512307;193254041;8.391398;
41.91537239418053;12.651100772089368;193257043;11.445526;
41.91563181200952;12.651386870242563;193300030;12.750265;
41.91592442391257;12.651671268682538;193303038;13.76895;
41.916267425797216;12.65193397877763;193306043;15.035617;
41.916665305298366;12.652163311317924;193309058;16.70551;
41.917111897071145;12.652330134236134;193312040;17.35081;
41.917583081402036;12.652449652647451;193315053;17.967926;
41.91806718357676;12.65258547866068;193318027;18.481873;
41.91853285102261;12.652834736926398;193321015;18.552614;
41.918924789713564;12.653221818103605;193324049;17.48414;
41.91917917740865;12.653764684308067;193327018;17.680351;
41.91933836923709;12.65438854402379;193330046;17.964066;
41.919425850312024;12.65503966833491;193333052;18.156889;
41.91949815235314;12.655692930888943;193336031;17.756092;
41.919568027750984;12.6563529106257;193339046;19.226185;
41.91966583888965;12.657052221513926;193342027;19.643898;
41.91981804097577;12.657734378537109;193345058;19.337185;
41.91999839214809;12.658368993041094;193348033;18.245823;
41.92018695291093;12.658958410391172;193351016;17.224298;
41.920357935495694;12.659504220953574;193354065;15.893767;
41.92052122744264;12.660028412490856;193357062;15.661154;
41.92067425401912;12.660531141808086;193400037;14.640068;
41.92080650642011;12.661009521480494;193403018;13.704046;
41.92094191406339;12.6614810770224;193406048;13.577146;
41.921081636594636;12.661905217743952;193409059;12.470445;
41.9212298005664;12.662305029421725;193412057;12.670548;
41.921394619845806;12.66271168446482;193415061;12.920137;
41.921531568951195;12.663114512982313;193418040;12.420884;
41.92165646726066;12.66353135225463;193421044;12.874117;
41.921751025307;12.663970460744821;193424024;12.551607;
41.921783817178586;12.664374313061765;193427024;10.907781;
41.921813199512385;12.664758340218814;193430054;10.180929;
41.92187258160197;12.665101423825869;193433041;9.234643;
41.92193223632243;12.665276645551971;193436002;3.8299336;
41.9219572462074;12.665337064190583;193439040;1.1788347;
41.92199565894538;12.66541525301309;193443042;2.8975222;
41.922053258746594;12.66551604335382;193446040;3.63866;
41.92209464463272;12.665581277445984;193449044;1.7146908;
41.92212007140434;12.665647331409147;193505021;2.6473534;
41.92219506019171;12.665772629902849;193508044;5.273043;
41.92227353830708;12.665958303952578;193511040;6.4409037;
41.92231278092128;12.66624199928937;193514038;8.789917;
41.9222898781025;12.666512038123408;193517062;6.560746;
41.92226410533529;12.666717616735392;193520034;5.5803986;
41.922251097467424;12.66691690264417;193523039;5.2804136;
41.92224142743962;12.667079533332089;193526044;4.853112;
41.9221540622646;12.667296511346365;193529035;7.228682;
41.92217660864032;12.667556978432001;193532039;7.380378;
41.9223526917233;12.667642844381282;193535055;7.8170795;
41.922599426727146;12.667628556429095;193538028;9.630556;
41.92288256528409;12.667753867474987;193541055;11.742373;
41.92318432316802;12.667903143104189;193544048;12.124154;
41.92347916441507;12.6680542251192;193547048;11.432318;
41.923744377339496;12.668186681495051;193550034;9.788996;
41.92389562788547;12.668407651513482;193553047;8.007724;
41.92391195778023;12.668640027088315;193556008;4.6441545;
41.92387757628833;12.66869242139983;193605036;0.3376222;
41.92385758996734;12.668750516825552;193621037;2.6982749;
41.92378501807412;12.668887473011202;193624037;5.605707;
41.923676887903156;12.66907619179432;193627038;7.3230476;
41.92353930537736;12.669318304243134;193630006;8.580804;
41.92339273918072;12.669599324441078;193633050;9.700724;
41.92323825456559;12.669912172321839;193636076;10.822407;
41.92314034369182;12.670298872602299;193639036;11.314397;
41.92310791971044;12.670706814499697;193642032;11.029358;
41.92308563304673;12.671101738286778;193645038;10.65781;
41.923071461850974;12.671461553519304;193648027;10.025565;
41.92305152418331;12.671846760618715;193651006;10.9384365;
41.92305354187844;12.67225089060989;193654026;10.845642;
41.92311019683733;12.672634366266744;193657041;10.59419;
41.923185361463595;12.672984040914482;193700016;10.001827;
41.92325055435255;12.673336215386673;193703026;10.030995;
41.92319135656151;12.673682585290173;193706047;10.370876;
41.92292373408209;12.67388510110541;193709005;11.749938;
41.922615299615025;12.674011452688228;193712042;12.916628;
41.922294409868606;12.674197237064133;193715047;13.0221815;
41.92199173417172;12.674456049433939;193718059;13.447937;
41.921781463384356;12.674849986110184;193721035;13.55233;
41.921719421809;12.675341971762245;193724037;13.730623;
41.92177142105686;12.675730388793218;193727027;9.784572;
41.92184479783104;12.676031264137606;193730040;8.432989;
41.92195381101436;12.676345073032117;193733048;10.300998;
41.92210873473866;12.676652451908453;193736035;9.96793;
41.92207129316057;12.676980793673028;193739066;10.415428;
41.92176365553589;12.677203268129526;193742040;15.241017;
41.92136355362577;12.677443614850974;193745037;17.164913;
41.92094597850162;12.677918821732614;193748042;21.239517;
41.92055155717742;12.678481717883589;193751041;20.56928;
41.92022534952969;12.679105158459018;193754030;20.99444;
41.91993783383771;12.679758966125027;193757040;20.272274;
41.91971259677151;12.680333739614948;193800067;16.755672;
41.919626668361104;12.680896881050304;193803041;15.540241;
41.91954493959276;12.681399441015264;193806031;13.237125;
41.91928632470825;12.681697550459457;193809028;13.438516;
41.91891385497919;12.68182483287346;193812044;14.714438;
41.91851178350929;12.681936309270508;193815050;15.458111;
41.9181311051608;12.6819788315424;193818051;13.4873705;
41.917842800329105;12.682027931944626;193821031;9.322421;
41.91773396972585;12.682300364078342;193824052;8.171181;
41.917726016744844;12.682410135802524;193827100;0.3749356;
41.917720366534;12.68247983073893;193831038;3.839009;
41.91769713173711;12.682699954047056;193834050;6.6979775;
41.91765759200263;12.683035419852615;193837049;10.1225;
41.91761631702806;12.683389259591836;193840026;9.668557;
41.91754537395559;12.683697737972643;193843042;8.580737;
41.91738247277031;12.683920792304804;193846019;9.0992;
41.917153496093434;12.684095089679914;193849051;9.41282;
41.91697561794555;12.684219567530022;193852057;7.0220923;
41.916760269634786;12.684358387834026;193855053;9.866605;
41.91648725577585;12.684533707609678;193858047;11.47951;
41.916215162457995;12.68470828561584;193901055;11.09025;
41.91593048925937;12.68488291310724;193904055;11.95109;
41.9156255795849;12.685074363419025;193907042;12.383376;
41.91534200480459;12.685252515668564;193910033;11.419481;
41.915061806884054;12.685433478296007;193913040;11.318082;
41.914783787425755;12.685603193236382;193916037;11.532999;
41.91451131412124;12.685778025015217;193919039;11.332777;
41.914230681232624;12.685961769931083;193922038;11.268638;
41.913974532987744;12.68612356073884;193925048;10.055327;
41.913744611997366;12.686268345781265;193928034;9.272827;
41.913530846428436;12.686404328826821;193931040;8.230387;
41.91338636764961;12.686494993109777;193934027;5.204688;
41.91327133187935;12.686567234578911;193937038;4.6057844;
41.91316421370502;12.686633245629936;193940044;4.315683;
41.913022010341514;12.68672325995705;193943078;6.648892;
41.91282965890931;12.686846599509998;193946046;8.454446;
41.91262875496648;12.68696797028084;193949008;7.242074;
41.912539998309825;12.687126096020801;193952036;5.6338916;
41.91261390679794;12.687338361282675;193955040;7.976603;
41.912730596080756;12.6876486222577;193958057;10.286276;
41.91289555794073;12.688018243138806;194001024;12.200843;
41.913069099621055;12.688400174097387;194004016;12.315305;
41.91323962059173;12.688797614014426;194007022;12.809685;
41.9134140263151;12.689204187391535;194010011;12.939057;
41.91358484787749;12.689600319811326;194013041;12.416094;
41.91375145908372;12.689976632779183;194016043;12.060597;
41.91392421207236;12.690342119181171;194019033;11.713684;
41.91404712477174;12.690717738810198;194022029;11.283739;
41.91403175472675;12.69114954584282;194025039;12.371204;
41.91407058655936;12.691612886068652;194028059;12.936082;
41.91422102517495;12.691991525634654;194031005;10.92918;
41.91421971940837;12.692316427666215;194034037;8.991169;
41.91409145631189;12.692600478116411;194037052;8.980401;
41.91411398745929;12.69292522569591;194040039;9.634723;
41.914298046438695;12.693209341807542;194043033;10.810063;
41.91451483171014;12.693507910496868;194046038;11.712296;
41.91473116255315;12.693801895590576;194049047;11.122354;
41.91497251624112;12.693994438314311;194052033;10.487431;
41.915268328147405;12.693955431707177;194055031;11.201566;
41.91555042343224;12.693854290665005;194058048;10.451428;
41.915767341988115;12.693656457196875;194101041;9.753137;
41.915920189447704;12.693372601917218;194104039;9.410564;
41.91617047321718;12.693243304973407;194107041;10.364256;
41.916470765087304;12.693152630731714;194110024;11.8659935;
41.916796429614735;12.693044984569784;194113040;12.682746;
41.91713509201804;12.692911055429029;194116042;13.146747;
41.91747885625148;12.692782895457782;194119058;13.209307;
41.91782950572044;12.692644859219628;194122087;13.5979185;
41.918174074419454;12.692505213907122;194125019;13.148562;
41.91848588753151;12.692384532515081;194128040;10.782552;
41.91866776252826;12.692296509661006;194131051;5.7742677;
41.91869924435061;12.692127545829441;194134020;6.3089213;
41.91861865026071;12.69183858378373;194137048;8.792906;
41.918543469295045;12.691507470856397;194140048;9.608965;
41.918481709483814;12.691206267359346;194143039;7.412499;
41.918446853149256;12.69103313267073;194146030;3.598489;
41.91841041485119;12.69086289948102;194149038;6.099299;
41.91834151663536;12.69056648924518;194152029;9.550506;
41.918274190369395;12.69026543700888;194155039;6.559074;
41.91826679829396;12.690105428838338;194158043;4.0439816;
41.91837788745575;12.690017983490335;194201059;5.6032233;
41.918498637014004;12.689971681530588;194204000;3.5502336;
41.918553706716786;12.68998187728678;194207037;0.85067916;
41.9186088319571;12.68996230997488;194318032;4.1459966;
41.91874207837218;12.689918198271384;194321043;5.527228;
41.91889161982655;12.68985198167903;194324053;5.9470415;
41.91905518480963;12.689782354578039;194327034;6.5325923;
41.919222112782705;12.689716266539012;194330060;6.0336304;
41.91932189824386;12.68967768023191;194333029;2.828875;
41.919389136485044;12.689728832796517;194336032;3.8401608;
41.91943897946752;12.689933062953273;194339043;7.071753;
41.919506698804156;12.69021536457765;194342031;8.267008;
41.91955154235182;12.690404657801956;194345042;4.2959666;
41.91950995871227;12.69051669896894;194348057;4.4801135;
41.919331527647564;12.690588393084044;194351048;8.153006;
41.919073071732164;12.690690013771107;194354046;10.215629;
41.91878593772284;12.690802380960431;194357041;11.518265;
41.91847340400774;12.690935166737276;194400032;12.347089;
41.91814592184494;12.691074143205533;194403013;12.878063;
41.91782075219622;12.691207523219997;194406059;12.08568;
41.91755880744873;12.691310970908697;194409036;8.188049;
41.917445692182255;12.69140583600918;194412027;4.9103074;
41.91746182158788;12.691662040069378;194415034;8.219613;
41.917529351040436;12.691976271274383;194418041;9.288154;
41.91761412249337;12.692305807492996;194420993;9.29973;
41.9176704751158;12.69255729343347;194424050;5.7617793;
41.917664276084466;12.692676838802429;194427047;3.3687367;
41.917519071196814;12.692732502065457;194430041;6.9470396;
41.91728212254379;12.692822505300075;194433028;10.062144;
41.91700236384599;12.692928992960931;194436020;11.488722;
41.916687382925936;12.69303928390399;194439072;11.833618;
41.91635963005763;12.693087168357277;194442082;12.339397;
41.916059812555126;12.693195329976666;194445039;11.264138;
41.9158542728626;12.69346559060019;194448046;10.494021;
41.91570206224358;12.693733095395377;194451036;8.848377;
41.91544385763731;12.693839318060729;194454033;10.678761;
41.915163785349684;12.69393079490207;194457049;10.386637;
41.9149021463896;12.693867314087868;194500035;10.158578;
41.91468460549533;12.693593292966687;194503052;11.5363455;
41.91445415819191;12.69328189469796;194506044;11.909866;
41.91424649241362;12.692984540979777;194509052;10.869985;
41.91411868685969;12.69265865468364;194512031;9.725685;
41.91422933030643;12.692364313310922;194515038;8.921462;
41.91429557770651;12.6920787715595;194518030;8.540148;
41.91416571044191;12.691751561927735;194521066;11.037072;
41.914066705893845;12.691360480874325;194524051;11.596728;
41.91406265811227;12.69094371430532;194527041;11.485277;
41.91404193998628;12.690530699358836;194530023;11.368862;
41.91388093782406;12.69015944058256;194533047;12.031373;
41.913716763396486;12.689812725709986;194536034;10.259241;
41.91362753567484;12.689614376011631;194539036;4.5070887;
41.913644359886895;12.689535117866297;194542051;1.4105479;
41.91370118770882;12.689503404689766;194603031;2.6433427;
41.91374735505741;12.689466874782863;194606031;1.7441837;
41.91379201292801;12.689423924893232;194609036;2.2532265;
41.91376742880287;12.689357052069324;194620021;2.5558214;
41.91373840443416;12.689259130971323;194623028;2.7411811;
