41.9136239933019;12.689420162334695;101403948;0.0;
41.913672774928344;12.689425634945248;101415896;0.0;
41.913688834693815;12.689486961169585;101429868;0.0;
41.913729043661256;12.689450167601395;101451869;0.0;
41.91377486275061;12.689468653429111;101515944;0.0;
41.91373019026911;12.689495719126004;101520910;0.0;
41.9138544348104;12.689575546101048;101607871;0.0;
41.91380288176767;12.689164132003748;104115153;0.04793075;
41.91378063802282;12.689239618448456;104132163;0.514152;
41.91375005903912;12.68931067730858;104147162;0.0;
41.9137332771895;12.689254750563075;104227206;0.26424992;
41.913690483544784;12.689290560853594;104241191;0.19480626;
41.91371015316199;12.689350207858745;104301173;0.0;
41.91366702990492;12.689400973871177;104320183;0.0;
41.91354800923097;12.689236005646245;104358182;0.13896605;
41.91358554137215;12.689270914120033;104410177;0.0;
41.91378338139305;12.68946444813727;104434172;0.49804747;
41.91374055419145;12.68951519043923;104448193;0.66385376;
41.913678784483785;12.689552946555134;104456174;0.0;
41.913683898084976;12.689618393968823;104516191;0.68047017;
41.91363597750226;12.689594134129496;104521196;0.0;
41.91361455327086;12.689650899329434;104533236;0.4057194;
41.913604321125845;12.68958256656654;104612161;0.0;
41.913593497794274;12.689514527710475;104621177;0.0;
41.91359522469092;12.68921862624018;104647170;0.24457222;
41.91364767550244;12.689207117540354;104657168;0.5618748;
41.91361023339579;12.689244867365002;104716160;0.4518278;
41.91355749404441;12.689306117631157;104748176;0.0;
41.913565340084574;12.689243233434047;104759191;0.15647443;
41.91361096439806;12.689248181267258;104809171;0.0;
41.913577351624795;12.689297194867853;104826182;0.0;
41.91359781090817;12.689236264468912;104837184;0.6193754;
41.91359279166503;12.689332896296227;104901212;0.0;
41.91362779490212;12.689382971066927;104907185;0.0;
41.91366856609343;12.689415491654433;104919206;0.0;
41.91365243969633;12.689472944035362;104926180;0.0;
41.91374187105859;12.689193481609566;105835168;0.038520396;
41.91367528708962;12.689233231849503;105845200;0.0;
41.91361815199887;12.689261169084164;105856196;0.0;
41.913616688373644;12.689199104401967;105909177;0.14000028;
41.91360685537518;12.689261162424055;105933180;0.036429815;
41.913618593392655;12.68932152451448;105955170;0.0;
41.913615766169755;12.689413479194377;110027194;0.0;
41.91366061173041;12.689394411862606;110058157;0.0;
41.913667615719895;12.689333975590575;110111188;0.0;
41.91371214216254;12.689342943105743;110126195;0.0;
41.913743204582836;12.689296603711394;110134153;0.5812248;
41.91372983534197;12.689238425001896;110203190;0.036839724;
41.913790572311626;12.689193745599875;110238375;0.012784057;
41.91349869595421;12.689487206165627;122301937;0.0;
41.913570843913185;12.689462468883843;122303868;0.0;
41.913611043870404;12.68943291559787;122328953;0.0;
41.9134992041987;12.689549792302003;133134929;0.0;
41.91352713754541;12.689294342458531;133143922;0.0;
41.91360750026707;12.689202000973864;133346948;0.0;
41.913664474008165;12.689234253863145;133355941;0.0;
41.91361705102035;12.689447212906597;145425891;0.0;
41.91363265363231;12.689389095681664;145427867;0.0;
41.91358638615429;12.68936469976602;145441844;0.0;
41.913537741864886;12.689356329350996;145444880;1.0928595;
41.913477948803205;12.689345001112823;145448856;1.2357222;
41.91342959524475;12.689312756971498;145452852;1.248346;
41.913390676305035;12.68927647054484;145456870;1.225334;
41.91335104031792;12.68923644626182;145500851;1.2657709;
41.913304945325706;12.689217097693984;145515860;0.50725204;
41.91332866327058;12.689269931467566;145533857;0.019909693;
41.91336432752592;12.689314853177843;145604795;0.23537439;
41.91342590669565;12.68934055450931;145619869;1.0264223;
41.913470071142704;12.689324955914907;145626825;0.49567404;
41.913470196580725;12.689232700028509;145629884;2.8856208;
41.91344914388567;12.689175524662561;145630840;3.7736516;
41.913424952917595;12.689117110245459;145631875;4.4117517;
41.91339777085568;12.689051959630527;145632843;4.902047;
41.913366056078196;12.68897748575677;145633841;7.080815;
41.913330323427665;12.68889366226868;145634861;7.9556894;
41.91329121476031;12.688801065490686;145635855;8.771472;
41.913249593359545;12.688701751008164;145636878;9.501345;
41.91320305236476;12.688595314230396;145637862;10.181384;
41.91315302629483;12.688483969920647;145638886;10.768746;
41.91310211308099;12.688371845819736;145639874;10.879756;
41.91305224147032;12.688263300571139;145640848;10.6003685;
41.91300077901351;12.688151231449536;145641870;10.867491;
41.912948155446536;12.688037132191427;145642866;11.33772;
41.91289292471004;12.68791971545277;145643867;11.471554;
41.9128381416502;12.687795041553604;145644791;11.830843;
41.91278425018406;12.687674699967479;145645860;11.647637;
41.91273588758409;12.687561579999592;145646852;10.762349;
41.91269002978154;12.687458080914706;145647795;9.23412;
41.91265286293476;12.687372445119141;145648800;8.220447;
41.91262698811123;12.687312347654741;145649816;5.7167883;
41.91260069538605;12.68724639296215;145651813;2.281211;
41.91257009666109;12.68717344573954;145654814;2.5045915;
41.91253982808855;12.687110190795032;145658825;1.6343501;
41.91248075130398;12.687083526225484;145700880;4.260013;
41.91238896296643;12.68713643557308;145702844;6.0740867;
41.91234132736024;12.687169739917966;145703813;6.0144677;
41.912289011525196;12.687205150273519;145704849;6.731395;
41.9122294043807;12.68724481373512;145705869;7.3843484;
41.91216841324499;12.687284665563492;145706857;7.8418503;
41.91210928961179;12.68731936790211;145707849;7.319145;
41.91204515739521;12.687358489383861;145709887;2.8612785;
41.91198691222783;12.687393756475446;145712868;3.2375586;
41.91190058125473;12.68745210376697;145714856;6.0865374;
41.91184945518789;12.687486520673769;145715858;6.340132;
41.91179309950137;12.687523428732643;145716857;6.9520526;
41.9117292957949;12.687566026507467;145717815;8.001894;
41.911657112022475;12.68761186213189;145718825;8.980636;
41.911575779437655;12.687663170978187;145719835;10.003194;
41.91148588663778;12.687719445074718;145720853;11.056549;
41.91139281695566;12.687778062326304;145721869;11.42943;
41.911297917825934;12.68783746899274;145722867;11.646776;
41.911199140856596;12.68789990586735;145723867;12.141559;
41.91109675183233;12.687964482319318;145724860;12.630438;
41.91099123518429;12.688033443704711;145725846;13.072174;
41.910883629565255;12.688103629677276;145726828;13.489639;
41.91077161894073;12.68817588021886;145727855;13.857678;
41.91065696315689;12.688253928089487;145728859;14.301128;
41.91053981929297;12.688330656575289;145729867;14.491143;
41.9104226230056;12.688407127001973;145730859;14.471101;
41.91030386103111;12.688482033272694;145731866;14.629047;
41.910184787435455;12.688558403080556;145732859;14.699097;
41.91006601414526;12.68863532211869;145733854;14.644226;
41.90994843037319;12.688713763283836;145734856;14.557768;
41.90983072809079;12.688794986371596;145735866;14.70272;
41.90971431366728;12.688880736691058;145736872;14.738271;
41.909601419127256;12.688968555469641;145737873;14.464812;
41.90949239858684;12.689054323642111;145738840;14.003004;
41.90938906969728;12.689140278975401;145739861;13.496504;
41.909288396541456;12.68922516591392;145740861;13.109962;
41.909187665919355;12.689310327919374;145741866;13.144958;
41.90908702588628;12.68939636868643;145742858;13.264388;
41.90898507042247;12.689482108166406;145743848;13.368806;
41.908882478918905;12.689571089717845;145744820;13.512152;
41.908778869724614;12.68966113656384;145745871;13.673723;
41.90867702813512;12.689750839410316;145746860;13.53762;
41.908577604654326;12.689839655952703;145747854;13.246005;
41.90847792480037;12.689929042555827;145748893;13.364605;
41.90837731098101;12.690021203761052;145749866;13.475221;
41.90827375908725;12.69010866325118;145750866;13.5672035;
41.90816889757168;12.69019415443889;145751864;13.582447;
41.9080649884531;12.690274081843548;145752853;13.323756;
41.90796427419126;12.690353689383146;145753859;12.959093;
41.9078707364987;12.690436034517623;145754875;12.440876;
41.90777828001998;12.69051706144991;145755860;12.236854;
41.907685404255055;12.690599424037764;145756882;12.483175;
41.90758912882771;12.690679733461824;145757865;12.602506;
41.90749358677164;12.69076105891352;145758872;12.53049;
41.907401106696305;12.690841346952945;145759855;12.213433;
41.907307346716074;12.69092276438775;145800866;12.369862;
41.90721203667893;12.691004052237918;145801848;12.530688;
41.90711853441252;12.691082503122637;145802884;12.249791;
41.90702830992893;12.691161665142246;145803861;11.953188;
41.90693976915492;12.691238699752295;145804866;11.720873;
41.90685469023287;12.691312986181206;145805876;11.280195;
41.90676987217737;12.691385557079004;145806851;11.162615;
41.90668451024096;12.691457598605517;145807854;11.21121;
41.906601727990164;12.69152892043151;145808901;10.953416;
41.90652618479185;12.69159352864436;145809870;9.9442625;
41.90646629794553;12.691644133904523;145810859;7.8658547;
41.906419285362674;12.691683666799603;145811855;4.481904;
41.90637357477687;12.691723431071836;145813880;2.4618056;
41.906330534807836;12.691755101731342;145821854;1.1140956;
41.90627204249073;12.6917914360685;145824854;3.3157303;
41.90622180448565;12.691796298173246;145826855;2.5656102;
41.90617137017492;12.691723501831373;145828862;4.617388;
41.90614064645673;12.691665961314017;145829853;6.4695015;
41.9061003713568;12.691590173175973;145830863;8.167677;
41.90605530425562;12.691498670926354;145831863;8.561102;
41.906001604708344;12.691388332561544;145832851;9.998198;
41.905948389546644;12.69127977840649;145833876;10.320275;
41.90589105963161;12.691165826440047;145834870;10.951087;
41.905831730999274;12.691043638462265;145835856;11.750779;
41.90577067563373;12.690918497807516;145836865;12.2071495;
41.90570806885246;12.690792640715145;145837851;12.186482;
41.90564474916628;12.690664073765612;145838840;12.357869;
41.90557930260811;12.69053876984874;145839875;12.343901;
41.90551663724969;12.690416080982095;145840859;12.084758;
41.90545495024609;12.690294581612237;145841856;11.765299;
41.90539584068235;12.690174029852484;145842862;11.6788;
41.905337780501135;12.69005937953399;145843860;11.23743;
41.90528609444588;12.689964013488728;145844805;9.598441;
41.9052434374679;12.689882374182284;145845844;7.9550467;
41.905207351991336;12.6898240124437;145846855;5.989327;
41.905186836900974;12.689738812803414;145848872;3.2852907;
41.905210781565245;12.689658978449943;145850860;3.9194512;
41.90528986573987;12.689595523869132;145852828;6.1251307;
41.905350552868086;12.689552655136438;145853847;7.2412243;
41.90541829510811;12.6895089698817;145854836;8.191383;
41.90549154657074;12.689453509707812;145855855;9.19615;
41.90557017293288;12.689386997083997;145856854;10.036981;
41.90565052084845;12.689317159780613;145857848;11.015277;
41.905731094936336;12.689226299174095;145858855;12.216359;
41.90580563795149;12.689119522010188;145859832;11.88422;
41.905880177589744;12.689009229674259;145900869;12.582157;
41.90596080673427;12.688892015095783;145901864;13.5095215;
41.90604688899242;12.688777290841807;145902860;13.425552;
41.90613159376815;12.688662752665403;145903841;12.855799;
41.90620759868211;12.688553884489508;145904855;12.085447;
41.906282983699946;12.688454006350646;145905839;11.78609;
41.90636002909742;12.68836165564167;145906855;11.358189;
41.90644815628897;12.68828612744368;145907843;11.628319;
41.90654414822597;12.688220477010237;145908853;11.733558;
41.90662953966709;12.688155667749262;145909816;10.700015;
41.90671164170448;12.688091800909104;145910856;10.225164;
41.90678607969311;12.688000602773707;145911886;11.114107;
41.90686429261511;12.687908478308719;145912847;12.005596;
41.90693997882914;12.687796938851093;145913846;12.842239;
41.9070119772765;12.687668549688647;145914850;13.290315;
41.90707677933909;12.687535106246681;145915829;12.606205;
41.90712529838683;12.687405565716952;145916839;11.817489;
41.90716220222444;12.687279462311132;145917876;10.996051;
41.90719961974904;12.687155612504798;145918851;11.043327;
41.90721748915027;12.687021518799838;145919833;10.946828;
41.90720054890185;12.68688353788556;145920855;11.128782;
41.90713711880628;12.6867725022877;145921832;11.234498;
41.90705781080633;12.686675070014696;145922861;11.708155;
41.9069619335362;12.686589948755039;145923863;12.203056;
41.90686613916747;12.686506827202681;145924883;12.834016;
41.90675876355438;12.686446960798913;145925842;13.063985;
41.90664257562149;12.686402519552354;145926870;13.026983;
41.90653125952805;12.686355118529761;145927858;12.86453;
41.90642438013288;12.686293453498756;145928838;12.849984;
41.906317287510944;12.686227818874945;145929850;12.77243;
41.906241815992104;12.686115270291529;145930921;12.678034;
41.90617650115767;12.68599030498218;145931858;12.51858;
41.90611320442603;12.685868941420217;145932857;12.134871;
41.90605269771017;12.685749905972864;145933902;11.752064;
41.905993652624325;12.685634846841836;145934864;11.402432;
41.90593589777214;12.685524744389426;145935877;11.094949;
41.9058787052585;12.68541894926353;145936866;10.755436;
41.90582543715474;12.685322965859841;145937857;9.874873;
41.90577498730926;12.685231621166784;145938861;9.411942;
41.9057247185003;12.68514303746779;145939868;9.21049;
41.905672642490096;12.68505798977544;145940890;9.094158;
41.90561970332793;12.684976056352326;145941868;8.960218;
41.90556675442523;12.68489600801997;145942882;8.85689;
41.90551215849202;12.684817489153902;145943872;8.811913;
41.90545804088036;12.684740491096647;145944888;8.746804;
41.9054024581525;12.684666266129417;145945873;8.662096;
41.90535019368684;12.684589828039647;145946882;8.603759;
41.90530896978508;12.684519453367741;145947894;7.3908124;
41.905275173446576;12.684461958939197;145948860;4.6721387;
41.90525335485721;12.684380219880888;145950861;3.1978593;
41.90518787274421;12.684305442049851;145952874;5.5332875;
41.905134690521024;12.684264927059216;145953868;7.7941713;
41.90506578520566;12.68423896256364;145954879;8.329152;
41.90498617492239;12.684216205178904;145955893;9.682752;
41.90489542615303;12.684191614302168;145956878;10.198569;
41.904801558915054;12.684166034025372;145957880;11.026516;
41.90470352280766;12.684134951780054;145958898;11.216384;
41.90459635717544;12.68410434157863;145959870;12.014727;
41.90449508109772;12.684074304565323;150000883;11.52767;
41.904397105309094;12.68404557961017;150001913;11.207741;
41.90430128812119;12.684014490433391;150002879;10.955808;
41.904205417821856;12.68398358913105;150003870;10.861723;
41.90410832633795;12.68396427869931;150004892;10.92241;
41.90401303113468;12.683961410550385;150005888;10.477965;
41.90392272679054;12.683983289378446;150006880;10.181697;
41.9038335915435;12.684006734979445;150007892;9.821423;
41.903758912723184;12.684058901314007;150008872;9.313904;
41.903693172704116;12.68411822245509;150009877;8.550377;
41.90363325263868;12.684169007703908;150010895;7.1626897;
41.903578977479114;12.684207093161552;150011869;6.418493;
41.903526746854816;12.68421147557116;150012897;5.390033;
41.90347860429641;12.6841770455398;150013871;6.5642548;
41.90344520862491;12.684083053251834;150014885;8.302438;
41.90341052488578;12.683987634078912;150015878;8.875706;
41.903369995154165;12.683875037672772;150016888;10.198265;
41.903325380880084;12.683754802673914;150017900;11.059512;
41.90328075383622;12.683628971793157;150018870;11.474959;
41.90323490999615;12.683498717837303;150019886;11.723394;
41.903187959489436;12.683372737780411;150020891;11.648936;
41.90314229454118;12.683245885617843;150021891;11.647355;
41.90309489911139;12.683119556525684;150022877;11.4683;
41.9030499764405;12.682994432244541;150023875;11.293278;
41.90300509838209;12.682870752242403;150024878;11.328224;
41.902956763730195;12.682749331362931;150025876;11.311984;
41.90290224082225;12.682633721583635;150026879;11.267185;
41.90285237387215;12.682507854710186;150027876;11.80303;
41.90280234109387;12.682380933562605;150028937;11.894864;
41.90275201684795;12.682247394774604;150029885;12.375277;
41.902701797923314;12.682109583216095;150030869;12.702346;
41.9026511603115;12.681969232625313;150031881;12.840572;
41.90259692403434;12.68182603737494;150032878;13.254317;
41.90254344909483;12.681681844973253;150033839;13.321182;
41.90248979675714;12.681538229222868;150034883;13.229315;
41.90243577869374;12.68139751297221;150035877;13.108979;
41.902380337840455;12.681256127587972;150036895;13.291833;
41.902324440475574;12.681113313652636;150037880;13.43544;
41.902271591785436;12.68096696567563;150038870;13.410023;
41.902219112762765;12.680820013132521;150039866;13.466692;
41.90216489419023;12.680675433914143;150040877;13.3350935;
41.9021110554176;12.680534130631473;150041857;13.139569;
41.90206344942728;12.680391003766063;150042873;12.990592;
41.90201286824566;12.680247215510178;150043879;13.070956;
41.9019589403936;12.680107195875001;150044895;13.084792;
41.901907160524864;12.679964078720838;150045847;13.183639;
41.90185879231181;12.679818113512049;150046890;13.212786;
41.9018097681049;12.679672588259438;150047855;13.219891;
41.90175874095065;12.679529890992693;150048871;13.164444;
41.90170600174394;12.679389322591849;150049886;13.097778;
41.90165376872377;12.6792486197247;150050868;13.035262;
41.90160186129171;12.67910807748157;150051849;13.020119;
41.901550049955574;12.678968233173965;150052880;12.864227;
41.9014983993719;12.678832173565533;150053882;12.39768;
41.90145035307797;12.67869944513474;150054895;12.243411;
41.901402374859344;12.678573749870331;150055890;11.75754;
41.901355779974836;12.678452952776192;150056890;10.891397;
41.901317919594604;12.678342143094406;150057881;10.098246;
41.90127956443134;12.678244282278111;150058883;9.1433325;
41.90123214836851;12.67816790598866;150059896;8.203771;
41.90118677554148;12.678098863962342;150100870;7.022185;
41.901123945359316;12.678066465681754;150101885;7.8483014;
41.90104929407708;12.678072824261038;150102879;8.493326;
41.90096878000794;12.678105071088332;150103865;10.034376;
41.90088759254499;12.678155786953536;150104840;9.689269;
41.90080159664711;12.678208848058622;150105876;11.061827;
41.90070912742189;12.678267462700639;150106870;10.9816885;
41.90061813068223;12.678321690795478;150107857;10.857571;
41.900526742756426;12.678374496076426;150108846;10.945239;
41.90043581180039;12.678427167652591;150109872;10.925191;
41.90034421936007;12.678481865083922;150110865;11.050862;
41.90025232411863;12.678537179783467;150111891;11.107008;
41.90016092614757;12.678594933828972;150112842;11.137798;
41.90007177097134;12.6786520659818;150113871;10.988721;
41.899986415305996;12.678705658753351;150114841;10.510739;
41.89990398658195;12.678757000206433;150115868;10.046482;
41.89982615582859;12.678808189915072;150116893;9.633504;
41.89974946521393;12.678865743430032;150117881;9.743656;
41.89966795033578;12.678920214048663;150118872;10.1481695;
41.89957968034403;12.678969450584956;150119884;10.556878;
41.89948582670929;12.679016890686079;150120861;11.013849;
41.89938947715775;12.679066712500816;150121878;11.357209;
41.89929218863652;12.679124878745673;150122837;11.821348;
41.89919464052007;12.679187251664398;150123883;11.884592;
41.899094273567194;12.679248422854071;150124847;12.124245;
41.898992044165446;12.679309585218192;150125900;12.396695;
41.898889768576375;12.679369896131057;150126883;12.330482;
41.89878502134516;12.679431627665645;150127892;12.707485;
41.898681659381495;12.67949227384335;150128871;12.234891;
41.89857735501536;12.679553604275869;150129864;12.903432;
41.8984707902788;12.679616313122844;150130886;12.770801;
41.89836503727217;12.679680546634202;150131876;12.883494;
41.898260471604644;12.679745605279262;150132878;12.5785475;
41.8981567904492;12.679812126845457;150133878;12.649481;
41.898052559498716;12.679879677418969;150134885;12.654643;
41.89794949702333;12.6799427361116;150135871;12.472751;
41.89785060929603;12.680006753664836;150136876;12.206196;
41.89775287446501;12.680068883531574;150137873;11.790537;
41.8976564397616;12.680122269885203;150138903;11.597431;
41.89756142841596;12.680171416637572;150139896;11.30962;
41.89746857535518;12.680223575308661;150140888;11.06155;
41.89737494026581;12.680280738167294;150141880;11.293165;
41.897282531288106;12.680341242273997;150142872;11.409368;
41.897190015277175;12.680404025863133;150143902;11.51918;
41.89709513510375;12.680470194471752;150144880;12.113809;
41.89699244726071;12.680537477914253;150145895;12.57438;
41.89688459363323;12.680601356395888;150146846;12.976337;
41.89677250992317;12.680667226736132;150147871;13.513986;
41.89666003849943;12.68073380010789;150148883;13.5428;
41.896547043511745;12.680801409735333;150149909;13.842174;
41.89643311398208;12.680870993963731;150150882;13.783953;
41.896320700305964;12.680939034227645;150151886;13.600506;
41.8962102128144;12.681004930388895;150152877;13.21909;
41.896100656357824;12.681067688146873;150153872;13.201359;
41.89599384641708;12.681132976397386;150154875;12.9775505;
41.89589315108653;12.6811977582565;150155872;12.384995;
41.895801172005626;12.681258786937754;150156889;10.352421;
41.89572288277545;12.68130538388937;150157886;8.589605;
41.89564255778146;12.68132632214612;150158884;9.268051;
41.89556662073915;12.681292650672182;150159880;8.2631645;
41.89553080554588;12.681200014702435;150200873;8.242309;
41.895501337503106;12.681102423382411;150201884;8.537322;
41.895470450349414;12.681003602554627;150202885;9.051525;
41.8954385254085;12.680901781907892;150203879;9.076315;
41.89540479303084;12.680795185684092;150204897;9.572677;
41.895370260788184;12.68068795497244;150205887;9.682164;
41.89533358353087;12.68057155788971;150206867;10.366785;
41.89529602442397;12.680456250710213;150207880;10.323003;
41.8952561017913;12.680339328067031;150208880;11.052818;
41.89521644945887;12.680216852243493;150209879;10.825273;
41.89517825493132;12.680094668056336;150210892;10.871979;
41.89513613706504;12.679972010193765;150211875;11.104305;
41.89509009309308;12.679847105281636;150212884;11.39963;
41.89504555367995;12.679715413812946;150213887;11.798213;
41.894999104127955;12.67957589285276;150214873;12.417638;
41.89495225900182;12.679440680417278;150215890;12.199095;
41.89490629037953;12.679308270555952;150216871;11.981586;
41.89486199839366;12.67917876454981;150217921;11.747533;
41.89481767437074;12.679050248984076;150218874;11.630185;
41.89477279154501;12.678922472911488;150219903;11.54642;
41.894728397165906;12.678796120212047;150220867;11.404887;
41.89468522782055;12.678671952452563;150221879;11.306263;
41.89464287052857;12.678550739646038;150222868;11.017004;
41.89460581398989;12.678439469640416;150223876;9.961172;
41.89456852642712;12.678340661373293;150224863;9.120094;
41.8945365505785;12.678260553756155;150225866;7.502059;
41.894509822514834;12.678194380571357;150226874;6.0979085;
41.89448764576813;12.678133146581517;150227868;5.568869;
41.894465876752896;12.678070581946193;150228907;5.6381063;
41.89443967367192;12.678007175910679;150229890;5.971182;
41.89440909826487;12.677936784708825;150230872;6.689606;
41.89437594579391;12.677858573855922;150231877;7.4534235;
41.89434124945567;12.677769221900663;150232879;8.238527;
41.89430688818687;12.677671624318792;150233876;8.900565;
41.89427074210017;12.677570544923867;150234881;9.635378;
41.89423498675269;12.67746039182437;150235873;9.906103;
41.894201473175094;12.677352100118346;150236880;9.638563;
41.894165158632994;12.677244531711816;150237875;9.720316;
41.894128413806854;12.677135780556137;150238861;9.898439;
41.89409217220937;12.677027005170793;150239882;9.856149;
41.89405573394009;12.676919290909959;150240880;9.7819805;
41.894018626785964;12.676812189996667;150241874;9.757589;
41.893983057659504;12.676708045907585;150242887;9.532883;
41.89395027960223;12.676613083812997;150243879;8.653206;
41.89392511394225;12.676537406047386;150244837;6.859716;
41.89390509186301;12.676476014146376;150245868;5.5517497;
41.89388012045804;12.67639667106373;150247877;3.0122988;
41.89386823526442;12.676317676396971;150251878;2.5212922;
41.89388784789486;12.676220115173335;150253842;5.2718606;
41.89392886775878;12.676182445350184;150254882;5.8237834;
41.89398295517561;12.676155609458197;150255891;6.395682;
41.89404779352329;12.676123323896643;150256883;7.5884337;
41.89412251049753;12.676084611558188;150257890;8.738728;
41.89420308500425;12.676038164217493;150258886;9.708809;
41.89428692424379;12.675986600898595;150259879;10.195658;
41.894361537257474;12.675937987837104;150300870;9.21389;
41.894420041890896;12.675898370112023;150301878;7.37111;
41.89446817723791;12.67586499556292;150302873;6.011483;
41.894539541507726;12.675836816643244;150304880;2.8871295;
41.89459928757127;12.675931312363762;150339888;0.0;
41.89464410330356;12.675941104847489;150346874;0.9929639;
41.894639788017855;12.676012193685573;150354878;1.1518517;
41.89465887283878;12.676072962627806;150400881;1.0567259;
41.8946895290013;12.676127453732878;150405882;0.97736555;
41.89471667959945;12.676191756731285;150410891;1.0142936;
41.89475419133185;12.676233481970831;150414877;1.170749;
41.894777522924116;12.676285008915205;150418885;1.4475092;
41.89479400223768;12.67634425753014;150422883;0.93915904;
41.89482521189971;12.676419975974015;150432879;0.0;
41.89485108648154;12.676478277642508;150458888;0.0;
41.89488931736926;12.676515223623326;150611895;1.5465721;
41.894935993723685;12.676481636432266;150615879;1.1134776;
41.89497885905147;12.676458544078018;150619873;1.200411;
41.89502428084266;12.676418793454985;150623852;1.2798907;
41.895073783174745;12.676380620233282;150627848;1.1150552;
41.89512065649733;12.6763719018295;150630860;1.5792845;
41.89517151314269;12.676379035973715;150640893;1.0232244;
41.89522679021215;12.67634835674179;150659872;0.81707966;
41.895166617026135;12.676407495030658;150718887;0.0;
41.89509411763504;12.676434763326121;150723865;0.9916017;
41.895031010351126;12.676435658589412;150726878;2.0781279;
41.894974474225336;12.676427489836312;150729888;0.8649881;
41.894925753722816;12.676471493732842;150735891;0.0;
41.894868472174856;12.676477385409909;150748872;0.0;
41.894827795231066;12.6765257131019;150939871;1.0507352;
41.89478546717654;12.676556804450223;150942884;1.1781954;
41.894740476175194;12.676579063883636;150947849;0.66587985;
41.89469317512102;12.676620700942017;150951872;0.79512876;
41.8946469192446;12.676643317086876;150954877;0.8525844;
41.89460025339878;12.676656114768726;150958890;0.8405444;
41.894551615060564;12.676637672313348;151003897;0.9045354;
41.894505472399956;12.676646827790016;151007876;0.89614475;
41.89444691527999;12.67668056728686;151011887;0.9803239;
41.89440427217867;12.676702607244827;151014895;1.0198704;
41.8943538016208;12.676725939038118;151018882;1.1120085;
41.894307359974256;12.676750523503312;151022876;1.1125795;
41.89432213153012;12.676810289268692;151046893;0.5244507;
41.89434320244906;12.676873654598381;151051882;1.2423365;
41.89436625435994;12.67694462749307;151055901;1.3198433;
41.89438924941973;12.677007678551766;151058883;1.2880169;
41.89441628229752;12.677062903030734;151103900;1.1221788;
41.89444852418955;12.677010850461205;151140895;1.3607092;
41.89448681958557;12.676975335168219;151143892;1.4214647;
41.894515791812566;12.676926034682815;151147891;1.3495395;
41.89453199490328;12.676866006208446;151157855;0.3840104;
41.89455414166559;12.6769212144252;151210890;0.056657024;
41.894548089730925;12.6769840018107;151227896;0.22096932;
41.89450252704075;12.677033343266547;151232895;0.7422765;
41.894471682009396;12.677079429717915;151252889;0.016977202;
41.89443888150473;12.677122804879092;151343852;0.06786568;
41.89447797671064;12.677155170787625;151357879;0.5392901;
41.894457806171324;12.677096901794952;151425877;0.27079147;
41.894418845139306;12.677064133137696;152328901;0.026019238;
41.89437990661604;12.677024852161262;152631856;0.018973699;
41.89436416585304;12.676953780498764;153009879;1.0374347;
41.89435781651674;12.676878784206119;153013858;1.2027887;
41.89438024436563;12.676811672268778;153017870;1.2181432;
41.894423436822414;12.676770329985068;153021896;1.1663957;
41.8944680331991;12.67675884517006;153025869;1.0815407;
41.89443617427463;12.676807820779942;153056895;0.9897967;
41.894383054874254;12.67681040449526;153100903;1.0769857;
41.89433688461259;12.676811334966414;153107904;0.035303753;
41.89433019899697;12.676876347198421;153204881;0.64598584;
41.894317201528935;12.676816172400374;153233890;0.42807582;
41.89430786457759;12.676756712728203;155310868;0.024006957;
41.894319649027494;12.676815084882236;155836891;0.043170843;
41.89434424437353;12.6768657892196;160030869;0.002725204;
41.89431447066499;12.676817222437103;160110877;0.06137886;
41.89431216804518;12.676750334796768;160456848;0.4446553;
41.89435810923227;12.676725587255874;160502874;0.76953834;
41.89440576885032;12.676731297380064;160507882;0.55576664;
41.89445039980482;12.676742832779231;160514875;0.2686372;
41.89450020512526;12.676760280407676;160526893;0.27277103;
41.8944526792604;12.676779677993668;160534902;0.029910246;
41.89448942062931;12.67674146905527;160538868;0.05543316;
41.89452705591589;12.676782326161456;160543881;0.79432625;
41.894552697563014;12.67683329822848;160547880;1.0584055;
41.894564497333825;12.676893110784674;160557893;0.026900442;
41.89451924479106;12.676895813399195;160613879;0.7578273;
41.89455441504133;12.676942517713748;160726859;0.23589642;
41.89453499470154;12.677000012318867;160736866;0.022887615;
41.89456952474745;12.676950268165278;160744888;0.836258;
41.89454291025194;12.676897135271334;160754886;0.83609194;
41.89450472920654;12.676861671374388;161033852;1.0797935;
41.89448795545976;12.676796232188355;161039884;1.1568501;
41.89445281923171;12.676744148378608;161044897;1.1649278;
41.89449836263757;12.676760213027126;161054901;0.47160825;
41.89453088214416;12.67680498788078;161112905;0.12828177;
41.894544816954856;12.676867109362554;161117887;0.33131725;
41.8945438345949;12.676940803316796;161123907;0.80895275;
41.894526819373326;12.676875647338216;161147898;1.0615603;
41.89457385754743;12.676876570535086;161200888;0.45281798;
41.894534629951536;12.676844880010561;161245905;0.01028412;
41.89450653110689;12.67689891072066;161259885;1.0090051;
41.89447188513086;12.67695241394883;161303879;1.1343061;
41.89443547282014;12.67700139148039;161307919;1.1111139;
41.89438769169069;12.677041173554633;161311879;1.1400003;
41.89433375520249;12.677072565412995;161315894;1.1838086;
41.89429130868542;12.677094797965996;161318899;1.2289438;
41.89424766055252;12.67712252256502;161321884;1.271189;
41.89419895165994;12.67711115132114;161324888;1.3054236;
41.894241354734454;12.67708556829806;161348892;0.9626666;
41.894291408464056;12.677069347017627;161352871;1.0156276;
41.894346209724524;12.677042542671462;161356879;1.0366505;
41.8943874810758;12.677016921753408;161401896;0.97146636;
41.894432084040815;12.676979346183778;161406854;1.010622;
41.8944798479355;12.676946418634294;161412890;0.9653184;
41.89452474869572;12.676914507879097;161418869;0.9431846;
41.894540257151064;12.676857032563982;161428884;0.45075867;
41.89451730571236;12.676918717998515;161502873;0.46930292;
41.8944974756818;12.676977344932613;161508889;0.61280245;
41.89446640973709;12.677030333648448;161514879;0.804648;
41.89443053803603;12.677071748381271;161518884;0.8344807;
41.89439217492727;12.677109560887947;161521890;0.8911746;
41.89434134064512;12.677121776681732;161524893;0.9710971;
41.89428599943714;12.677133947458737;161528888;1.0435729;
41.89423605611085;12.67713670989427;161533897;1.0287826;
41.89418718007771;12.677141392289656;161537881;1.0873861;
41.894209197101404;12.677087307621413;161606902;0.31599244;
41.89423319410214;12.677032417713963;161611879;0.59407103;
41.894268800552844;12.676965435938873;161616898;0.84782106;
41.89429758689896;12.67691703530096;161619868;1.0000055;
41.894334271568134;12.676856665130744;161623868;1.134425;
41.894363915994084;12.676797462380714;161627878;1.1375717;
41.894400400575506;12.676737416907361;161631896;1.2089717;
41.89444141888968;12.676698771846484;161635924;1.2063149;
41.894411116087724;12.67674804682664;161645871;1.1177615;
41.8943607893151;12.676745934870384;161652895;0.9922067;
41.89439986394152;12.676793541290502;161832882;0.8001308;
41.89441214469849;12.676860553591034;161835881;1.0463026;
41.89443391885653;12.676925805162986;161839902;1.0995885;
41.89445352151478;12.676990934824603;161843886;1.1364231;
41.89446428631812;12.677061019823542;161849877;1.0281641;
41.894453057074436;12.677119556569712;162039854;0.012591894;
41.89441455390039;12.67708181121798;162156273;0.78685236;
41.89436986426037;12.677104316970167;162256308;0.5621642;
41.89439308669937;12.677048046860094;162846358;0.5937446;
41.89444233789874;12.677023227847764;162852327;0.75486714;
41.89439956794755;12.677055475021247;162903340;0.67128533;
41.89437195945042;12.677103813509627;163533321;0.00488527;
41.894324368199484;12.677136957874701;163600305;0.9295389;
41.89427881651672;12.677137238849934;163606323;1.0094812;
41.89423675853679;12.677162848827793;163610314;1.0131154;
41.89419910557858;12.677117692547617;163617319;1.0273267;
41.89416154315578;12.677064976324559;163623309;0.95334464;
41.8941510498002;12.677005341036367;163638332;0.49598944;
41.89418417556181;12.677047237324087;163831343;0.26294854;
41.89420288445367;12.677107691192546;164121315;0.75034344;
41.89423380208518;12.677156097044914;164124332;1.0593393;
41.894275925616625;12.677187395045655;164132321;0.51716936;
41.894320774637514;12.677164555674887;164136331;0.8015697;
41.89436581072221;12.677163378777944;164359332;0.028121887;
41.89440658717937;12.677127957101632;164608313;0.32857695;
41.89441901479765;12.67706342139741;164755286;0.3051799;
41.89438494720466;12.677002633339717;164800315;0.7930632;
41.89443287580426;12.677011253675424;164812273;0.90273064;
41.894481867362856;12.677021926290307;164817332;1.0091751;
41.894512674025655;12.677070558914004;164831322;0.339022;
41.89449950284864;12.677012852339729;165614356;0.032911673;
41.8944673504499;12.676961116938914;165826287;0.9762566;
41.89441551022293;12.676925229046777;165830342;0.9764096;
41.89437431273395;12.676877569599323;165834323;0.9850936;
41.89434600751781;12.676830030927366;165838328;0.9579944;
41.89435040725272;12.676894479713152;165900323;1.3065909;
41.894375484807625;12.67695329820283;165904318;1.3151214;
41.894400190892476;12.677006414269878;165907311;1.3339498;
41.89442215928899;12.677060126083386;165910315;1.3456793;
41.89439471849268;12.67700958206857;165954313;0.30271563;
41.894391551403835;12.676948992078895;165959327;0.7360674;
41.894359269712034;12.676900616500669;170003338;0.9523304;
41.894325670718565;12.676856695023803;170007323;0.9917667;
41.89429619961902;12.676801576018164;170013319;0.92019403;
41.89429076129149;12.676739926857241;170032318;0.010656185;
41.89431483900081;12.676674629437503;170037317;0.17461938;
41.89434903847903;12.67662622927664;170049341;0.02172815;
41.89439107086944;12.676598638530882;170101312;0.46649122;
41.89443714515362;12.676571493254208;170107340;0.69446254;
41.8944868578778;12.676537175482537;170112312;0.7152691;
41.894535991992015;12.67651206924191;170120320;0.41527343;
41.89458754755965;12.676488972765776;170132319;1.0426381;
41.89463246376592;12.676482113862322;170135321;0.99686444;
41.89467693556777;12.676450914689458;170141314;0.8459574;
41.89476045585326;12.676422804758149;170145325;0.85001105;
41.894806562425316;12.67640460131898;170151342;0.21752828;
41.894859383500744;12.676421155546272;170200331;0.010001969;
41.894909794849376;12.676418830429428;170203296;0.16798447;
41.894953775805725;12.676384653303476;170206332;0.14744201;
41.895003297125925;12.676373047493938;170218321;0.11225631;
41.89504398315357;12.676402350747267;170230310;0.18764769;
41.89508458828957;12.676438417058414;170301255;0.25034973;
41.89511810068512;12.676393357488982;171241325;0.27963835;
41.89506992665544;12.676391726177103;171335296;0.09910746;
41.895110245238726;12.676418656903383;171453313;0.029416488;
41.895085186185106;12.676366724466817;171954293;0.019121189;
41.89505020492781;12.676408698851088;172040252;0.15249096;
41.895010062701786;12.676443407860175;172058305;0.5301512;
41.89495586473699;12.676473250352624;172108275;0.38248342;
41.894924006924334;12.676520753943418;172113284;0.26233327;
41.894888799192756;12.676479419822092;172131293;0.21259028;
41.89486497673092;12.676419715661739;172139322;1.0434145;
41.89483159809022;12.676370191167264;172144336;1.0439848;
41.894808450133304;12.67630408851929;172148341;1.1288007;
41.89477838276108;12.676232937333227;172152335;1.123634;
41.894758651382;12.676172638388007;172156333;1.2338084;
41.89473967068399;12.676117388866865;172200345;1.2985274;
41.8947160460867;12.67605205549504;172205323;1.277309;
41.89470448394167;12.675992224556436;172209317;1.2144393;
41.89466652685427;12.67595285273459;172213331;1.1253024;
41.89462030051596;12.675925639612377;172216328;1.235836;
41.89458401073357;12.675883392363444;172305314;0.9103426;
41.89462402145599;12.675849978312552;172309323;2.320745;
41.894696828112515;12.675804548512597;172311353;4.0258765;
41.89474437681607;12.67577883526226;172312302;4.743359;
41.89479815384676;12.675751711209292;172313339;5.338984;
41.89485766362863;12.675721113378264;172314298;7.1670456;
41.89492340899978;12.675685625361982;172315291;7.932834;
41.89499546462263;12.675646687123232;172316339;8.649114;
41.89506603342931;12.675604060283915;172317285;8.736056;
41.8951358503853;12.675559234288796;172318287;8.612382;
41.89520152322062;12.675514953599558;172319286;8.228095;
41.895263282283366;12.675472732989961;172320278;7.727842;
41.895322591023536;12.675432428299587;172321287;7.3995;
41.89538052051481;12.675393024204533;172322285;7.247398;
41.8954281521046;12.675362361436198;172323290;5.907336;
41.89546995679478;12.675336830180989;172324288;5.128278;
41.89554213095841;12.675302631054224;172326324;4.07745;
41.89561553942668;12.675322889205502;172328288;5.1324296;
41.895638349930714;12.675382333655707;172329314;5.523564;
41.8956625716229;12.675454342589324;172330272;6.4587154;
41.89568970063012;12.675536252474252;172331272;7.33832;
41.895720008470654;12.675625695271627;172332370;8.088325;
41.89575203717229;12.675721128748338;172333374;8.701641;
41.89578730692894;12.675822557829164;172334324;9.276462;
41.8958235433048;12.675925997720721;172335367;9.725636;
41.89586048542323;12.676035455426737;172336321;10.266543;
41.89589756982518;12.676148128548137;172337320;10.181748;
41.89593276395197;12.676257337362486;172338354;9.909278;
41.89596785700437;12.676364664990373;172339300;9.732227;
41.89600377627737;12.676473249149872;172340354;9.763436;
41.89604062474716;12.67658125866147;172341334;9.805614;
41.89607632880818;12.676685450123573;172342317;9.403657;
41.896110798786516;12.676790780481873;172343341;9.508351;
41.8961459571747;12.676899952716976;172344327;9.729724;
41.89618131934924;12.677010252952337;172345325;9.946696;
41.896220323573914;12.677120827051334;172346318;10.123953;
41.89625820808859;12.67723474277269;172347300;10.312021;
41.89629728724797;12.67735007895523;172348301;10.473476;
41.89633656141222;12.677465532499987;172349311;10.438398;
41.89637558779024;12.677575608967812;172350300;10.038661;
41.896415828727;12.677684565841142;172351307;10.044154;
41.896453895651646;12.677798061012824;172352324;10.306144;
41.89648978315569;12.677916025211395;172353331;10.526281;
41.89652375374008;12.678033338944667;172354332;10.407903;
41.896558923384376;12.678145603257297;172355322;10.098757;
41.89659634066743;12.678259613241359;172356313;10.2441225;
41.89663282809746;12.678375516735036;172357318;10.412968;
41.89666902662584;12.67848770876217;172358326;10.104729;
41.896705934202586;12.678595386518426;172359311;9.795486;
41.89674476478214;12.67870551530265;172400300;10.014495;
41.89678376131097;12.678811832186145;172401326;9.77022;
41.89681996503523;12.678916485303942;172402331;9.533027;
41.89685419532435;12.67902246516856;172403299;9.54002;
41.896884754569456;12.679133050211945;172404323;9.714554;
41.896913227887296;12.6792420032644;172405328;9.516872;
41.8969436272898;12.679347386858195;172406315;9.325792;
41.89697793572854;12.679452741456176;172407311;9.52044;
41.897013679171316;12.679559096239094;172408284;9.65977;
41.89704907102973;12.679662385685022;172409323;9.39125;
41.897082250365884;12.679761193754175;172410314;8.97813;
41.89711317838474;12.679859154936043;172411325;8.801061;
41.897145118040534;12.679957127301265;172412341;8.852322;
41.89716998023809;12.680050854182463;172413322;8.238809;
41.89719309659144;12.680142063853948;172414328;7.9968133;
41.897215559595814;12.68022559849958;172415317;7.397011;
41.897233803946214;12.68029245078975;172416307;5.891075;
41.89725773881714;12.68036436748096;172418328;2.2878044;
41.897302179102724;12.680406797812548;172422313;3.305705;
41.89737335006398;12.68040221992862;172424312;4.9645543;
41.897416983768856;12.680376114610496;172425334;5.2980757;
41.8974650022339;12.680345549240151;172426307;5.867286;
41.89752221859162;12.680309093939321;172427319;7.0197377;
41.89758842554777;12.680267467671055;172428315;8.188128;
41.897664668621616;12.680219163168799;172429328;9.379711;
41.897746885216414;12.680167807081853;172430308;10.0464;
41.89783101263429;12.680116272041147;172431335;10.223957;
41.89791851927917;12.680061620356174;172432320;10.705217;
41.89800708389456;12.680005591959903;172433323;10.84533;
41.89809124898789;12.679953864409947;172434344;10.313412;
41.89817529338254;12.679901886321923;172435338;10.187876;
41.89825679233112;12.679847793945436;172436329;10.110308;
41.89834093207802;12.679796358748076;172437322;10.436941;
41.89842685622382;12.679743840042146;172438326;10.537665;
41.89851529142315;12.679691855317595;172439315;10.846816;
41.898606178715326;12.679638182566295;172440314;10.926384;
41.89869866411441;12.679578973771697;172441298;11.40874;
41.89879104858351;12.67952024465601;172442326;11.275847;
41.89888340124477;12.679461107758605;172443311;11.341461;
41.898978025088134;12.679404414774131;172444319;11.497571;
41.89907196478833;12.67934335099984;172445332;11.563731;
41.89916478716728;12.679285232849766;172446300;11.339175;
41.89925712658262;12.679225807885903;172447339;11.305214;
41.899349247438174;12.67917001084158;172448329;11.210096;
41.899438798995625;12.679116188908528;172449324;10.8842535;
41.899524698668124;12.67906313240056;172450346;10.430416;
41.899605189036116;12.679009703896533;172451340;9.991302;
41.89968244408984;12.678957045603234;172452334;9.609572;
41.8997596899513;12.678903287745891;172453311;9.645403;
41.89983997183634;12.678849595394656;172454321;9.94364;
41.89992164035788;12.67879656958476;172455300;10.03984;
41.90000135138586;12.678745361107442;172456317;9.799091;
41.90008324175459;12.678694544619471;172457330;9.969866;
41.90016812718874;12.678643040324438;172458320;10.349139;
41.90025394172198;12.678592357417772;172459324;10.409213;
41.90033900670946;12.678545168330565;172500333;10.179525;
41.900421286769735;12.678496446248532;172501319;9.9604435;
41.90050246476958;12.67844283784597;172502300;10.036321;
41.90058526824895;12.678388628117615;172503315;10.396865;
41.900668894661855;12.678334374868733;172504323;10.243318;
41.90075109438783;12.678281272410343;172505312;10.100255;
41.900830638217336;12.67822979511963;172506323;9.503276;
41.900904120544084;12.678183218965943;172507320;8.991912;
41.90097366675906;12.678140313175497;172508294;7.955321;
41.90103766275797;12.678119417436172;172509312;7.3633046;
41.90109722201713;12.678123053331815;172510319;6.6212254;
41.90114941729905;12.678145767648811;172511317;6.1095643;
41.90120069176752;12.678168448953686;172512317;5.874946;
41.901237943768244;12.678230681348747;172513337;6.587564;
41.90127225382816;12.67830748812148;172514331;7.400122;
41.90130785716175;12.678396480073843;172515306;8.368792;
41.90134610557828;12.67849574814738;172516310;9.167672;
41.901386356011685;12.67860283128996;172517311;9.870394;
41.90142776892924;12.678710456464064;172518301;9.915346;
41.90146919476728;12.678818310690296;172519346;9.966553;
41.90151105525683;12.678926047311336;172520309;10.019258;
41.901552883151695;12.679034622714829;172521322;10.141626;
41.90159672186335;12.67915324910792;172522314;10.907925;
41.90163945438632;12.679269341307725;172523328;10.705233;
41.901681290082614;12.679385959901067;172524321;10.636624;
41.90172323326232;12.679500226835158;172525327;10.519965;
41.90176407535704;12.679611389537438;172526324;10.255565;
41.901800345657904;12.67972012154036;172527323;9.860258;
41.901833619295004;12.67980896220045;172528311;8.273194;
41.901868283904896;12.679883671446202;172529339;7.306317;
41.9019039801665;12.679959375444781;172530295;7.4899383;
41.90193381320971;12.680043822791307;172531311;7.690623;
41.9019669557161;12.680134000221628;172532333;8.334496;
41.902003203541476;12.680229635434216;172533323;8.92213;
41.90204210471315;12.680332741214174;172534336;9.519582;
41.902078190240175;12.680439538517849;172535336;9.718135;
41.90211446217857;12.680543327757375;172536326;9.480503;
41.90215211864621;12.680649101338664;172537315;9.64027;
41.90219238566636;12.680756362798594;172538313;9.936155;
41.90223537298866;12.680867650265611;172539326;10.334066;
41.9022795049646;12.680980179599201;172540317;10.64303;
41.90232626590215;12.681097981599354;172541330;11.003591;
41.90237077561158;12.681217293512685;172542321;10.9856205;
41.902416117531175;12.681337433696854;172543297;11.098314;
41.9024620419142;12.68145823393964;172544314;11.152233;
41.902506290604904;12.681578536732893;172545335;11.059805;
41.90254997115072;12.681696516325484;172546328;10.896561;
41.902593839561334;12.68181300723062;172547298;10.728961;
41.90263496451768;12.681927329373801;172548329;10.472559;
41.90267473598549;12.682036899885837;172549346;10.068327;
41.90271403565196;12.682144853437926;172550324;9.725445;
41.90275312269043;12.682247471091143;172551325;9.469302;
41.902790125710304;12.682347928556256;172552310;9.243896;
41.90282722670728;12.68244772534287;172553317;9.1626215;
41.90286374659559;12.682549387755213;172554312;9.270704;
41.902899140793004;12.68265138784823;172555310;9.304505;
41.902934935556175;12.682748976072123;172556313;8.969993;
41.90297038084287;12.682841542801574;172557334;8.613644;
41.90300675342862;12.682933064763768;172558324;8.583443;
41.90304374040786;12.683023729793259;172559320;8.541499;
41.90308144143933;12.683116452621396;172600338;8.727414;
41.90311955951486;12.683213179919864;172601328;9.0630665;
41.9031561198412;12.683311694527482;172602336;9.114642;
41.90319067992905;12.683404857340872;172603332;8.607548;
41.90322121932486;12.683491706246711;172604332;7.9299307;
41.9032489921519;12.68356933161781;172605330;7.1138883;
41.90327494534275;12.6836400750834;172606314;6.526921;
41.90329570273342;12.683695448301329;172607292;5.1090994;
41.903320553813195;12.683757925073152;172610312;1.0723009;
41.90335127883436;12.683833010920868;172620328;2.8679464;
41.90338094455914;12.683897448499687;172622313;3.0176926;
41.903402394349264;12.683957713110097;172625269;0.9257653;
41.90342915187519;12.684019527759885;172635284;1.4762223;
41.90344696422394;12.684075295063668;172647299;1.48941;
41.903471735031424;12.684148863489531;172650272;2.701685;
41.903493438523796;12.684215615888299;172652272;2.8921192;
41.903521848610055;12.684275025103226;172658295;1.36082;
41.90357884674483;12.684312451385015;172701283;4.2230234;
41.90362219555398;12.684288660043912;172702282;4.5932446;
41.903666415522274;12.684263780969571;172703291;5.2448196;
41.90370748576343;12.684221925438766;172704281;5.493556;
41.90375485287586;12.684179022615462;172705307;6.433481;
41.90381056643517;12.684130922484568;172706329;7.431217;
41.90387765487552;12.68408569608351;172707317;8.2897005;
41.90395289754249;12.684051739920978;172708289;8.537246;
41.90403081868138;12.684034985770698;172709344;8.556963;
41.90411006076915;12.684038306879097;172710353;8.823092;
41.90419117872223;12.68405360721039;172711322;9.171099;
41.90427462170451;12.68407648543081;172712342;9.519401;
41.90435666217835;12.684098503751947;172713283;9.448139;
41.90444134641665;12.684123565910815;172714293;9.813357;
41.904529964876396;12.684150173523111;172715339;10.105612;
41.904619497872034;12.684179016652637;172716309;10.471394;
41.904709721698325;12.684208967032967;172717319;10.390597;
41.90479938836335;12.684237125691938;172718314;10.330084;
41.904883411003375;12.684261875451345;172719327;9.64235;
41.90496278708789;12.684282275121959;172720320;8.994814;
41.905036483965404;12.684302574077027;172721338;8.395035;
41.905105375677216;12.684321344771696;172722286;7.8115582;
41.90516337235873;12.684353312749751;172723263;6.949233;
41.90520618190062;12.684410934848595;172724304;6.6915135;
41.90523998655798;12.684480906104021;172725276;6.862586;
41.905276329498975;12.684550267770772;172726277;7.2044463;
41.905320403198;12.684627268506201;172727323;7.9963903;
41.905373489523335;12.684704882608457;172728279;8.699461;
41.90543184913431;12.684783897881301;172729295;9.191464;
41.905492326469414;12.684864816547435;172730296;9.966992;
41.90555605363637;12.68495586428082;172731323;10.311332;
41.905620878849064;12.685055041795204;172732343;10.883312;
41.905685478341994;12.68516295497252;172733317;11.415949;
41.90575091267545;12.685278711696583;172734342;11.967453;
41.9058164464319;12.685403083744966;172735313;12.531541;
41.90588319002531;12.685529541229917;172736315;12.837437;
41.905947154154894;12.685652174513177;172737313;12.373608;
41.90601029659302;12.685767235689806;172738317;11.942234;
41.9060686756075;12.685877321352962;172739310;11.218253;
41.90612346832123;12.685986473071306;172740323;10.914479;
41.90617550680745;12.68609615934915;172741298;10.700692;
41.9062294296908;12.686197498113613;172742340;10.2659235;
41.90629703296154;12.686287884170023;172743277;10.592374;
41.90637765148054;12.686356714754531;172744262;10.600619;
41.90646816154803;12.68641035502786;172745300;11.001694;
41.906564055119404;12.686454909566248;172746292;11.269907;
41.90666029439775;12.686494679328785;172747268;11.154136;
41.906749296604524;12.686528849795444;172748300;9.289966;
41.90681895493506;12.686562956325906;172749307;8.199856;
41.90687025454714;12.686590728266065;172750296;6.2051873;
41.90691212235889;12.68661974203127;172751310;5.242896;
41.90695173345013;12.68665380991691;172752308;5.251956;
41.90699383004829;12.686697040664964;172753311;5.892576;
41.90704070621094;12.686747257652723;172754304;6.703276;
41.90708811981863;12.686810134721467;172755301;7.4080634;
41.90713165473551;12.68688720585375;172756272;8.004251;
41.907163722270106;12.686980024217968;172757300;8.424362;
41.90717675213626;12.687080735718043;172758288;8.568732;
41.90716940554583;12.687186426048395;172759318;8.773046;
41.907145068219194;12.687290315080748;172800269;9.015141;
41.90711256126197;12.68739325072331;172801288;9.227332;
41.90707405452007;12.687495093446955;172802312;9.43284;
41.90703481410178;12.687597616762599;172803300;9.5757675;
41.906985301719246;12.687695212668764;172804261;9.766446;
41.90693086664136;12.687788211285513;172805268;9.778893;
41.90687133044901;12.687878336164108;172806288;9.961626;
41.90680890004484;12.68796100125632;172807289;9.693007;
41.90674777454311;12.688040219373205;172808282;9.126837;
41.90667849151328;12.688104703046207;172809270;9.205025;
41.90660677899439;12.688157425223675;172810268;8.898098;
41.906536658156426;12.688200595776113;172811270;8.453424;
41.906470263195494;12.688245478198366;172812269;8.182567;
41.90640811870954;12.688292734148257;172813266;7.9158797;
41.90634714637226;12.688340711513591;172814270;7.7603397;
41.90628935738294;12.688391284106682;172815267;7.6266923;
41.90623694752558;12.688448962883829;172816267;7.566654;
41.906186428274786;12.688511383799433;172817273;7.593605;
41.90613507366423;12.68857487567008;172818262;7.898217;
41.906083751763006;12.688639847255905;172819273;7.839785;
41.906031341678464;12.68870581158665;172820281;8.097601;
41.90597788756857;12.688774496867168;172821274;8.197936;
41.90592408789153;12.688844569637848;172822268;8.342323;
41.905870590035974;12.688918307758085;172823270;8.50363;
41.90581800618236;12.688990297029536;172824268;8.170001;
41.905765471389536;12.68906289793878;172825293;8.67624;
41.90570451411482;12.689136068656648;172826283;9.053917;
41.905641852073906;12.68921025577126;172827295;9.209551;
41.90557725451351;12.689284798635327;172828301;9.383908;
41.905510956050364;12.68935418808129;172829279;9.414359;
41.905443721521;12.689419972368228;172830304;9.00105;
41.90537029203404;12.689469689101445;172831295;9.01006;
41.90529974140826;12.689518875117031;172832274;8.832962;
41.905233787220624;12.689562609083524;172833296;8.202915;
41.9051801195968;12.689594124026883;172834301;6.503223;
41.90512963164755;12.689653073443024;172836284;3.313053;
41.90510929731838;12.689724305110968;172838275;3.010402;
41.90513926570115;12.689785796412968;172839281;5.593741;
41.905169226539954;12.689848705335853;172840316;6.1766434;
41.905209129752016;12.689927533946719;172841282;7.5415487;
41.9052503311112;12.690012359254753;172842286;8.179697;
41.905296609144486;12.690105110133976;172843267;8.921606;
41.905344005228564;12.690201672088897;172844268;9.371521;
41.90539245596553;12.690302343573503;172845289;9.610034;
41.90544047640845;12.690402406604145;172846299;9.72894;
41.90548957141933;12.690502574777861;172847288;9.878639;
41.90553853401449;12.690602388139851;172848283;9.749347;
41.90558848157106;12.690697923042435;172849288;9.61511;
41.9056358737346;12.69079204645717;172850295;9.271448;
41.90568474524603;12.690884992129092;172851316;9.07948;
41.90573125657124;12.690975294267774;172852302;8.936157;
41.905775500402775;12.69106534917552;172853311;8.770863;
41.905812397084546;12.691134651757505;172854299;6.866232;
41.905842698407724;12.69119626835716;172856303;1.8162097;
41.90588158039225;12.691273733435178;172901300;3.4142358;
41.905931499183666;12.691372846059467;172903302;5.251303;
41.90596032914768;12.691426747256696;172904286;5.428735;
41.90598982861803;12.691483193043572;172905286;5.6855445;
41.90602232276261;12.691537706272472;172906299;5.658384;
41.906054472215885;12.69158718922957;172907299;4.9545894;
41.906102126506795;12.691674870960624;172909300;4.087966;
41.906133256305615;12.691733075501828;172911299;2.7579362;
41.9061667580449;12.691789370827541;172915294;1.6678815;
41.90623586754236;12.691816056340745;172917293;4.720404;
41.90628031791445;12.691793935107759;172918324;5.1255035;
41.90632130134141;12.691749220599824;172919300;5.1779857;
41.9063800573493;12.691694501820589;172921304;2.7607067;
41.90642209613642;12.691651347985491;172924283;1.5631166;
41.90647874351335;12.691597353837052;172927302;3.064185;
41.90654324133641;12.691543409654356;172929307;4.5631127;
41.90658445673249;12.691511354492514;172930305;5.329589;
41.9066304948164;12.69147274845916;172931280;5.96771;
41.906680089130894;12.691430087822626;172932295;6.485772;
41.90672987307957;12.691386631553176;172933296;6.6273723;
41.9067807994342;12.69134447773205;172934306;6.5973134;
41.9068290183988;12.691303547292868;172935297;6.268586;
41.90687299350832;12.691262957288998;172936307;5.826873;
41.90691393752291;12.691227421717151;172937292;5.392381;
41.906951767989995;12.69119419557755;172938303;4.9503994;
41.90700605240026;12.691150597387054;172940292;2.3115692;
41.90705039560793;12.691117864362297;172949301;2.8488355;
41.90711492089341;12.691060535866908;172951282;4.5132213;
41.907185661992756;12.690998516959723;172953341;4.70996;
41.90724999077034;12.690945637170808;172955293;3.8146453;
41.90729916688046;12.690904629818997;172958304;2.0438638;
41.907345235435756;12.69086985009875;173000330;3.384413;
41.90741280978965;12.690809374277267;173002303;4.818575;
41.90745144308781;12.690774382453329;173003318;5.1806445;
41.907491061110946;12.690739652692068;173004303;5.290863;
41.90753241774833;12.69070276934348;173005301;5.517902;
41.9075774950098;12.690661885180388;173006299;6.0080976;
41.907627242884665;12.690618209255772;173007311;6.5845413;
41.90768214380808;12.690571839985738;173008290;7.1964865;
41.90774191950519;12.690522372512536;173009302;7.7773976;
41.90780358827669;12.69047131780967;173010311;8.056542;
41.90786474642267;12.69041966934954;173011292;8.015627;
41.907926817398135;12.690367167490123;173012297;8.139965;
41.90798975990819;12.69031348477406;173013304;8.279959;
41.908051854631104;12.690262043460976;173014319;8.118762;
41.9081110483704;12.690212704646783;173015306;7.7064095;
41.908165653136514;12.690167262742213;173016305;7.138358;
41.90821752782424;12.690123795007123;173017298;6.817325;
41.90826607190971;12.690083282785595;173018309;6.3608394;
41.908308981628;12.690045999818263;173019294;5.6599317;
41.90834891489365;12.690012230650972;173020270;5.2573833;
41.908422333251146;12.689950488790808;173022302;4.6442075;
41.90849387476022;12.689888428018689;173024284;4.9842567;
41.90853660999644;12.689852189848931;173025307;5.6102757;
41.90858335501989;12.68981254725413;173026324;6.135737;
41.90863291935322;12.689768774135445;173027319;6.5942316;
41.9086812434876;12.689725336869815;173028305;6.4730473;
41.90872962688053;12.689683498382228;173029311;6.31987;
41.90877616320698;12.689642811892032;173030282;6.160535;
41.908823869582;12.689604741459023;173031304;6.1609063;
41.908869609248086;12.689567914446954;173032299;5.9261084;
41.90891291539872;12.689533352272592;173033303;5.600171;
41.90895410045651;12.689500330420291;173034309;5.3248982;
41.908993760067744;12.689468261581183;173035303;5.1574273;
41.90903351694381;12.689436849553747;173036306;5.1367297;
41.909074699616504;12.689401398295939;173037306;5.4289694;
41.90911913696447;12.689362745177823;173038297;5.867663;
41.909167131058716;12.689321870512732;173039303;6.3045554;
41.909217921501494;12.689277782693438;173040292;6.738105;
41.90927011592598;12.689233000602938;173041307;6.8647056;
41.90932079551265;12.689189851181975;173042304;6.6561856;
41.90937078712816;12.689145589566195;173043306;6.6609664;
41.9094238222993;12.689100735578737;173044313;6.951313;
41.90948247300693;12.689059407758878;173045289;7.3591995;
41.909542208350175;12.689010491568519;173046295;7.762431;
41.909604581095195;12.6889619907974;173047279;8.008383;
41.909665907044975;12.688914377514973;173048303;7.8610034;
41.909726101824305;12.688869369051728;173049281;7.6584916;
41.90978834837558;12.688823236663993;173050289;7.9034038;
41.90985547196093;12.688776497762966;173051282;8.395692;
41.90992669192281;12.688728431201282;173052303;8.879962;
41.910001705611606;12.688677734127772;173053272;9.353271;
41.910077800796785;12.6886264601227;173054304;9.554133;
41.91015520025344;12.688573239649404;173055297;9.677568;
41.910233903317774;12.688522204750306;173056323;9.713435;
41.91031247914444;12.688471884177785;173057307;9.621024;
41.91039143106878;12.68842014378683;173058305;9.763521;
41.910471600902675;12.688369034977866;173059304;9.857877;
41.9105517893605;12.688319408483963;173100279;9.761779;
41.91063001185643;12.688267341763682;173101274;9.694214;
41.91070761697256;12.688215180546203;173102288;9.63652;
41.91078660642737;12.688168710684453;173103272;9.588105;
41.910863846827425;12.688119548456319;173104283;9.517222;
41.91094028506555;12.688069776700667;173105285;9.428946;
41.91101596794609;12.68802117477184;173106306;9.324335;
41.91109175179761;12.687972209361819;173107314;9.327237;
41.91116817407029;12.687923198226148;173108312;9.411095;
41.911244531496074;12.68787633616381;173109334;9.336641;
41.91131862959276;12.687829108011359;173110314;9.104024;
41.91139113975835;12.687783654410797;173111330;8.898134;
41.91146186220234;12.687738552810172;173112296;8.70754;
41.911529965982275;12.687695417223491;173113275;8.365398;
41.91159364404434;12.687654512469239;173114283;7.846306;
41.91165310354957;12.68761816169217;173115306;7.264324;
41.911708677875396;12.68758292209975;173116310;6.835056;
41.91176256893078;12.687548517859382;173117277;6.6479344;
41.91181714925548;12.68751445387682;173118285;6.671278;
41.91187205745761;12.687478972292007;173119269;6.761532;
41.91192790303688;12.68744405450264;173120309;6.848305;
41.91198440610393;12.68740766854043;173121274;6.9481173;
41.91203816557333;12.687374219936467;173122264;6.577721;
41.9120914606527;12.687340328998744;173123285;6.5383706;
41.912143305382685;12.687308526776622;173124287;6.3105326;
41.912191722238056;12.687277953506497;173125300;5.9376125;
41.912238423883984;12.687248030096875;173126295;5.736427;
41.91231221849728;12.687199764114933;173128297;4.2966676;
41.91237751762205;12.687157413301085;173130298;4.0525045;
41.91244878257646;12.687121213376287;173132288;4.1955247;
41.91252526757497;12.687150050841161;173134313;4.671674;
41.91255528119689;12.687196864796437;173135323;5.1244826;
41.91258443426206;12.68726361668056;173136342;6.456749;
41.9126177751328;12.687344641770991;173137325;7.9516163;
41.91265550783787;12.687439391260675;173138320;9.03774;
41.91270236477016;12.687544238163088;173139310;10.179277;
41.91275322128421;12.687657545879208;173140291;10.901315;
41.9128038469729;12.687772376313232;173141295;11.040405;
41.91285439924324;12.68788634065576;173142306;10.937246;
41.91290424762165;12.687998346186896;173143302;10.782431;
41.912953718047234;12.688107586575972;173144297;10.572262;
41.913003849448636;12.688215291281267;173145335;10.489317;
41.91305265149344;12.688323566544614;173146283;10.442811;
41.91310104724944;12.688433828214372;173147299;10.549471;
41.913150303100615;12.688544565141335;173148299;10.604585;
41.91319879343323;12.688657385590881;173149292;10.697975;
41.91324483398596;12.68877067749685;173150333;10.702085;
41.9132896402449;12.68888158737033;173151314;10.417284;
41.913331855249844;12.68898266246722;173152330;9.557346;
41.91337000027578;12.689071534875957;173153339;8.414871;
41.91340339839519;12.68914667084626;173154323;7.2225614;
41.91342951783286;12.689202799557327;173155280;5.450765;
41.91344325852087;12.689279540947794;173157306;3.024274;
41.91338664432854;12.689322244225835;173200326;2.633408;
41.91332778616328;12.689321643578452;173203309;1.6227424;
41.913427249453434;12.689316197483421;173316269;1.202684;
41.91345831452483;12.689377005379342;173323315;1.2275248;
41.91351894903109;12.689441802488519;173353314;0.9030867;
41.913567891681566;12.68941101043209;173410300;0.0;
41.913646225912444;12.689347600532775;173536306;0.0;
41.913524295718965;12.689491533752637;174024302;0.41409585;
41.91356182939257;12.689455794323985;174053312;0.17350899;
41.91360677704718;12.689431470060883;174113303;0.45449072;
41.9135632043513;12.689410029937154;174134307;0.09230337;
41.91357179869709;12.689347327458053;174210297;0.09144674;
41.91357268480402;12.689414507673824;174237309;0.10006162;
41.91363566104707;12.689239696417879;183647236;0.08634184;
41.91367756073887;12.689303310833878;184911322;0.021513326;
41.91357431135916;12.689223037819357;184945314;0.0057077473;
41.91354304202019;12.689301295836936;185044288;0.015233386;
41.913533857071364;12.689573070081995;185135335;0.0092421295;
41.91312801530471;12.688484961868166;185220277;0.17688332;
41.91314837122235;12.688543613269895;185315290;0.502907;
41.91319389610987;12.68860888135222;185317280;0.63821477;
41.91322530314026;12.688676592435522;185319322;0.64239454;
41.91332508876445;12.68886309085436;185322291;0.66373235;
41.91336300846133;12.688934576323264;185323279;0.6676733;
41.91314456679718;12.688608830022075;185335318;0.0056010676;
41.913708959304245;12.689257635524738;185427327;0.1718362;
41.91344665741248;12.688902228611607;185524332;0.30165333;
41.91354805045375;12.689288016695247;185547322;0.005840373;
